1 3
1 8
1 9
1 12
1 15
1 23
1 26
1 37
1 46
2 1
2 4
2 5
2 6
2 7
2 8
2 10
2 11
2 12
2 13
2 14
2 16
2 18
2 19
2 20
2 21
2 22
2 25
2 26
2 27
2 28
2 29
2 31
2 33
2 34
2 35
2 37
2 38
2 41
3 1
3 4
3 8
3 9
3 12
3 22
3 31
3 32
3 33
3 37
3 46
4 8
4 11
4 20
4 32
4 33
4 40
5 2
5 6
5 7
5 13
5 14
5 17
5 18
5 19
5 20
5 21
5 23
5 25
5 26
5 27
5 28
5 29
5 34
5 36
5 38
5 39
5 44
5 45
6 2
6 5
6 6
6 7
6 11
6 13
6 14
6 17
6 19
6 20
6 21
6 23
6 25
6 26
6 27
6 28
6 29
6 35
6 36
6 38
6 39
6 44
6 45
7 2
7 8
7 11
7 13
7 14
7 19
7 20
7 23
7 26
7 27
7 28
7 29
7 34
7 35
7 38
7 45
8 1
8 2
8 3
8 4
8 7
8 9
8 10
8 11
8 12
8 15
8 16
8 18
8 19
8 20
8 22
8 29
8 31
8 32
8 33
8 34
8 37
8 38
8 40
8 41
8 42
8 43
8 45
8 46
9 1
9 3
9 4
9 8
9 12
9 15
9 16
9 18
9 26
9 31
9 32
9 33
9 37
9 40
9 46
10 1
10 2
10 4
10 8
10 9
10 11
10 12
10 14
10 17
10 18
10 19
10 20
10 23
10 28
10 31
10 33
10 34
10 37
10 38
10 40
10 41
10 42
10 43
10 44
10 45
11 2
11 20
11 38
11 45
12 1
12 2
12 3
12 4
12 5
12 6
12 7
12 8
12 9
12 10
12 11
12 13
12 14
12 15
12 16
12 17
12 18
12 19
12 20
12 21
12 22
12 23
12 24
12 25
12 26
12 27
12 28
12 29
12 30
12 31
12 32
12 33
12 34
12 35
12 36
12 37
12 38
12 39
12 40
12 41
12 42
12 43
12 44
12 45
12 46
13 2
13 5
13 6
13 7
13 11
13 17
13 18
13 19
13 20
13 21
13 23
13 25
13 26
13 27
13 28
13 29
13 34
13 35
13 38
13 44
13 45
14 2
14 5
14 6
14 7
14 8
14 11
14 19
14 20
14 22
14 23
14 27
14 28
14 31
14 33
14 35
14 38
14 41
14 45
16 1
16 2
16 3
16 4
16 5
16 6
16 7
16 8
16 9
16 10
16 11
16 12
16 13
16 14
16 15
16 17
16 18
16 19
16 20
16 21
16 22
16 23
16 24
16 25
16 26
16 27
16 28
16 29
16 30
16 31
16 32
16 33
16 34
16 35
16 36
16 37
16 38
16 39
16 40
16 41
16 42
16 43
16 44
16 45
16 46
17 5
17 6
17 10
17 13
17 19
17 20
17 21
17 23
17 25
17 26
17 28
17 29
17 36
17 38
17 39
17 44
17 45
18 1
18 2
18 5
18 7
18 8
18 9
18 10
18 11
18 13
18 15
18 16
18 20
18 22
18 25
18 26
18 27
18 28
18 29
18 31
18 33
18 34
18 35
18 37
18 38
18 40
19 2
19 5
19 6
19 7
19 11
19 13
19 14
19 17
19 20
19 21
19 25
19 26
19 27
19 28
19 29
19 36
19 38
19 39
19 44
19 45
20 1
20 2
20 4
20 5
20 6
20 7
20 8
20 9
20 10
20 11
20 12
20 13
20 14
20 17
20 18
20 19
20 21
20 22
20 23
20 25
20 26
20 27
20 28
20 29
20 31
20 34
20 35
20 36
20 38
20 41
20 43
20 44
20 45
21 2
21 6
21 17
21 19
21 20
21 23
21 25
21 26
21 27
21 28
21 29
21 36
21 39
21 44
21 45
22 1
22 2
22 3
22 4
22 5
22 6
22 7
22 8
22 9
22 10
22 11
22 12
22 13
22 14
22 15
22 16
22 17
22 18
22 19
22 20
22 21
22 23
22 24
22 25
22 26
22 27
22 28
22 29
22 30
22 31
22 32
22 33
22 34
22 35
22 36
22 37
22 38
22 39
22 40
22 41
22 42
22 43
22 44
22 45
22 46
23 1
23 2
23 5
23 6
23 7
23 10
23 11
23 13
23 14
23 17
23 19
23 20
23 21
23 25
23 26
23 27
23 28
23 29
23 31
23 34
23 35
23 36
23 38
23 39
23 44
23 45
25 2
25 5
25 6
25 7
25 11
25 13
25 17
25 18
25 19
25 20
25 23
25 26
25 27
25 28
25 29
25 35
25 36
25 39
25 44
25 45
26 1
26 2
26 5
26 6
26 7
26 9
26 11
26 13
26 17
26 18
26 19
26 20
26 21
26 23
26 25
26 26
26 27
26 28
26 29
26 31
26 34
26 35
26 36
26 38
26 39
26 44
26 45
27 2
27 5
27 6
27 7
27 11
27 13
27 14
27 17
27 18
27 19
27 20
27 21
27 23
27 25
27 26
27 28
27 29
27 34
27 35
27 36
27 38
27 39
27 44
27 45
28 2
28 5
28 6
28 7
28 10
28 11
28 13
28 17
28 18
28 19
28 20
28 21
28 23
28 25
28 26
28 27
28 29
28 36
28 38
28 39
28 44
28 45
29 2
29 4
29 5
29 6
29 7
29 8
29 11
29 13
29 14
29 17
29 18
29 19
29 20
29 21
29 23
29 25
29 26
29 27
29 28
29 34
29 35
29 36
29 38
29 44
29 45
30 24
31 1
31 2
31 3
31 4
31 8
31 9
31 10
31 12
31 16
31 18
31 20
31 22
31 23
31 32
31 34
31 37
31 38
31 40
31 41
31 43
31 45
32 1
32 3
32 4
32 8
32 9
32 12
32 31
32 33
32 34
32 37
32 40
32 41
32 46
33 1
33 2
33 4
33 8
33 9
33 10
33 11
33 12
33 14
33 15
33 16
33 18
33 20
33 22
33 31
33 32
33 34
33 37
33 38
33 40
33 43
34 1
34 2
34 5
34 6
34 7
34 8
34 13
34 16
34 18
34 19
34 20
34 22
34 23
34 25
34 26
34 27
34 28
34 29
34 31
34 32
34 33
34 35
34 37
34 38
34 40
34 42
34 43
35 2
35 13
35 18
35 27
35 29
35 39
36 2
36 5
36 6
36 17
36 18
36 19
36 20
36 21
36 23
36 25
36 26
36 28
36 29
36 39
36 44
36 45
37 1
37 2
37 8
37 9
37 10
37 12
37 18
37 31
37 32
37 33
37 34
37 40
37 43
38 2
38 4
38 6
38 7
38 8
38 11
38 13
38 14
38 18
38 19
38 20
38 22
38 23
38 26
38 28
38 29
38 31
38 33
38 34
38 35
38 41
38 44
38 45
39 5
39 6
39 13
39 17
39 19
39 23
39 25
39 26
39 28
39 36
39 44
39 45
40 1
40 2
40 4
40 8
40 9
40 12
40 15
40 16
40 18
40 20
40 22
40 31
40 32
40 33
40 34
40 37
40 43
41 1
41 2
41 8
41 10
41 12
41 14
41 20
41 38
41 43
42 8
42 10
42 28
42 31
42 33
42 34
42 37
42 41
42 43
42 45
43 8
43 12
43 31
43 33
43 34
44 1
44 2
44 5
44 6
44 7
44 8
44 11
44 13
44 17
44 19
44 20
44 21
44 23
44 25
44 26
44 28
44 33
44 34
44 35
44 36
44 38
44 39
44 42
44 43
44 45
45 1
45 2
45 4
45 5
45 6
45 7
45 8
45 9
45 10
45 11
45 12
45 13
45 14
45 17
45 18
45 19
45 20
45 21
45 22
45 23
45 25
45 26
45 27
45 28
45 29
45 31
45 33
45 34
45 35
45 36
45 38
45 42
45 44
46 1
46 3
46 8
46 9
46 12
46 22
46 32
46 33
46 34
46 37
46 43
