2 195
5 9
5 21
5 75
5 108
5 145
5 398
5 423
5 447
5 479
5 480
5 534
5 608
7 83
7 119
7 160
7 257
7 470
25 9
25 21
25 22
25 115
25 188
25 234
25 394
25 423
31 353
31 559
32 562
47 43
47 48
49 365
59 12
59 16
59 17
59 19
59 253
61 21
61 182
61 257
62 21
62 182
62 198
62 257
68 9
68 67
68 289
68 305
68 337
69 129
69 201
69 344
69 345
69 346
69 348
69 352
69 447
69 499
69 598
72 21
72 22
78 195
79 126
79 195
82 126
88 87
93 161
114 161
114 232
114 416
123 121
123 122
123 491
123 525
124 174
124 439
137 63
137 131
137 132
137 133
137 134
137 135
137 136
137 141
137 157
137 158
137 208
137 214
137 440
137 441
137 442
137 614
137 615
138 137
138 206
138 617
139 615
139 617
181 98
186 365
186 555
186 556
197 554
200 2
200 31
200 32
200 198
200 199
200 201
200 204
200 353
203 194
203 198
203 199
203 201
203 202
203 204
203 205
203 213
203 315
203 342
203 364
203 381
203 400
208 137
208 138
208 206
208 221
210 11
210 15
210 17
210 18
210 20
210 36
210 37
210 38
210 39
210 40
210 41
210 42
210 44
210 45
210 46
210 50
210 51
210 109
210 110
210 131
210 135
210 212
210 221
210 225
210 235
210 248
210 249
210 250
210 251
210 252
210 254
210 258
210 259
210 291
210 292
210 293
210 312
210 318
210 319
210 320
210 321
210 324
210 345
210 346
210 350
210 433
210 507
210 511
210 589
210 599
210 600
210 601
210 602
211 21
211 34
211 220
211 227
211 477
211 487
211 488
211 568
211 580
211 581
219 414
222 52
222 53
222 54
222 55
222 63
222 131
222 132
222 133
222 134
222 135
222 136
222 137
222 138
222 141
222 157
222 158
222 194
222 206
222 208
222 214
222 215
222 221
222 225
222 426
222 440
222 441
222 442
222 614
222 617
236 161
237 8
237 120
237 125
237 126
237 127
237 129
237 167
237 243
237 255
237 285
237 446
237 473
237 525
237 526
238 3
238 8
238 50
238 505
239 50
240 336
241 166
241 297
241 298
241 408
241 410
263 121
263 122
263 144
263 262
263 264
263 265
263 266
263 269
263 306
263 478
263 548
263 549
263 551
263 613
294 147
294 260
294 295
294 343
294 459
294 468
294 469
294 510
294 530
294 532
294 535
294 538
294 539
296 294
296 687
299 24
299 410
299 415
300 6
300 86
300 89
300 90
300 96
300 165
300 171
300 172
300 234
300 256
300 298
300 299
300 303
300 375
300 401
300 434
304 107
308 92
308 307
318 214
318 291
318 292
318 293
318 316
318 317
318 319
323 321
323 322
323 324
323 326
323 327
328 113
328 117
328 118
328 120
328 189
328 191
328 640
328 650
332 330
333 76
333 77
333 83
333 84
333 85
333 99
333 100
333 116
333 140
333 151
333 154
333 155
333 369
333 370
333 417
333 419
333 420
333 421
333 428
333 429
333 449
333 450
333 451
333 452
333 453
333 462
333 463
333 464
333 471
333 528
333 572
333 573
333 593
333 603
333 609
333 619
335 40
335 64
335 65
335 81
335 97
335 98
335 353
335 415
335 558
335 559
335 562
335 574
350 344
350 345
350 346
350 347
350 348
350 349
350 351
356 68
356 126
356 153
356 198
356 203
356 238
356 240
356 274
356 277
356 278
356 280
356 305
356 331
356 384
356 461
356 564
356 565
356 566
356 596
356 631
356 636
356 638
356 639
356 653
356 655
356 685
357 68
357 153
357 277
357 305
357 461
357 596
357 631
357 636
357 638
357 639
357 653
357 655
358 4
358 33
358 243
360 365
360 556
361 29
361 30
361 35
361 111
361 120
361 143
361 153
361 216
361 220
361 223
361 230
361 231
361 261
361 264
361 265
361 266
361 267
361 268
361 274
361 339
361 363
361 400
361 418
361 455
361 526
361 536
361 549
361 550
361 591
361 596
361 607
361 613
361 641
361 652
361 659
362 29
362 30
362 35
362 111
362 120
362 153
362 216
362 220
362 223
362 230
362 231
362 261
362 264
362 265
362 266
362 267
362 268
362 274
362 339
362 363
362 400
362 418
362 455
362 526
362 536
362 549
362 550
362 591
362 596
362 607
362 641
362 659
364 275
364 279
367 612
368 555
371 448
372 66
372 112
372 115
372 142
372 159
372 169
372 188
372 290
372 338
372 371
372 395
372 396
372 423
372 424
372 443
372 444
372 537
372 582
372 632
372 651
372 663
372 670
385 207
385 276
385 283
385 301
385 386
385 387
385 388
385 389
385 390
385 524
385 562
385 625
385 666
385 673
389 276
389 283
389 301
389 390
389 524
389 666
403 366
406 183
406 184
406 257
406 319
406 404
406 405
406 410
406 411
406 412
406 601
407 410
409 344
409 404
409 405
409 410
409 411
409 412
409 413
409 440
409 441
409 529
422 21
425 620
425 621
425 622
425 623
454 4
454 21
454 64
454 75
454 162
454 163
454 226
454 251
454 398
454 415
454 475
454 476
454 485
454 486
454 489
456 56
456 70
456 174
456 178
456 179
456 180
456 189
456 190
456 192
456 193
456 590
457 10
457 75
457 162
457 171
457 172
457 198
457 291
457 454
457 513
457 574
457 595
465 273
466 275
466 278
466 279
466 280
466 445
467 147
467 148
467 294
467 687
470 102
470 294
470 687
473 4
473 33
473 107
473 111
473 127
473 167
473 217
473 243
473 374
474 414
484 427
484 482
493 104
493 287
494 94
494 95
494 149
494 288
495 8
495 94
495 95
495 288
496 8
506 295
506 298
506 562
513 22
513 58
513 195
513 257
513 410
513 470
513 530
513 555
513 556
513 562
513 570
513 688
514 337
516 28
516 71
516 120
516 128
516 130
516 152
516 229
516 268
516 269
516 325
516 400
516 525
516 577
516 603
516 604
516 605
516 628
516 635
516 657
516 660
516 680
517 235
517 250
517 565
521 119
521 198
521 298
521 426
521 565
522 257
522 426
522 556
523 21
523 22
523 198
523 199
523 257
523 298
523 556
523 565
540 10
540 101
540 102
540 103
540 257
540 270
540 271
540 317
540 500
540 572
540 573
540 575
541 22
541 246
541 247
541 270
541 272
541 410
542 270
542 271
543 270
543 271
544 22
544 72
544 270
544 271
545 10
545 198
545 578
552 108
552 275
552 279
552 286
557 26
557 27
557 58
557 60
557 65
557 91
557 92
557 101
557 144
557 146
557 168
557 170
557 176
557 177
557 195
557 196
557 209
557 218
557 272
557 284
557 302
557 307
557 309
557 355
557 359
557 365
557 382
557 391
557 399
557 402
557 412
557 430
557 431
557 432
557 435
557 492
557 497
557 501
557 509
557 527
557 531
557 546
557 547
557 550
557 553
557 558
557 562
557 591
557 594
557 606
557 624
557 630
557 634
557 637
557 642
557 643
557 644
557 645
557 646
557 647
557 648
557 649
557 655
557 656
557 658
557 661
557 665
557 667
557 669
557 671
557 672
563 57
567 520
567 534
570 562
571 257
572 73
572 74
572 380
573 101
573 102
573 119
573 257
574 49
574 83
574 119
574 160
574 257
574 382
574 383
574 470
574 512
576 22
579 60
579 65
579 101
579 144
579 146
579 164
579 209
579 272
579 313
579 314
579 355
579 359
579 365
579 402
579 432
579 435
579 471
579 492
579 497
579 509
579 531
579 546
579 547
579 550
579 569
579 591
579 594
579 606
579 624
579 630
579 634
579 637
579 642
579 643
579 644
579 648
579 649
579 655
579 656
579 658
579 661
579 668
579 671
579 672
583 392
583 408
583 584
583 585
583 586
583 587
583 588
583 654
610 31
610 33
610 58
610 127
610 161
610 198
610 199
610 235
610 257
610 294
610 353
610 354
610 377
610 378
610 379
610 470
610 471
610 472
610 473
610 553
610 558
610 560
610 561
610 562
616 614
616 615
616 617
618 9
618 58
618 64
618 65
618 75
618 89
618 90
618 115
618 150
618 188
618 198
618 260
618 263
618 292
618 295
618 298
618 299
618 300
618 340
618 341
618 343
618 375
618 394
618 414
618 423
618 424
618 458
618 459
618 460
618 469
618 470
618 515
618 518
618 530
618 532
618 533
618 592
618 675
625 98
625 101
625 103
625 128
625 519
626 28
626 71
626 80
626 120
626 128
626 130
626 143
626 187
626 224
626 228
626 229
626 233
626 250
626 265
626 268
626 269
626 325
626 376
626 400
626 436
626 438
626 483
626 490
626 525
626 526
626 548
626 577
626 597
626 603
626 604
626 605
626 611
626 633
626 635
626 657
626 660
626 662
626 680
627 161
673 524
673 666
674 23
674 156
674 175
674 334
674 663
674 664
674 676
674 677
674 678
674 679
681 36
681 38
681 40
681 42
681 64
681 65
682 11
682 13
682 14
682 15
682 18
682 20
682 251
682 254
683 65
683 131
683 132
683 134
683 136
683 157
683 158
683 614
684 75
684 162
684 163
684 173
684 397
684 398
684 399
684 400
684 595
685 50
685 94
685 105
685 106
685 108
685 125
685 126
685 129
685 217
685 242
685 244
685 245
685 310
685 311
685 320
685 393
685 437
685 446
685 447
685 481
685 502
685 503
685 504
685 526
685 629
686 127
686 161
686 198
686 199
686 278
686 280
686 565
687 294
688 31
688 240
688 257
688 275
688 279
688 281
688 282
688 335
688 354
688 373
688 404
688 405
688 410
688 413
688 498
688 508
688 555
688 556
688 559
689 126
689 147
689 148
689 183
689 185
689 273
689 278
689 280
689 329
689 565
