3084 3084
11 9
12 9
11 35
51 38
5 39
14 40
19 41
24 41
27 42
69 43
49 44
51 45
11 46
20 47
32 48
18 50
1 53
1 54
27 54
1 57
14 57
17 59
1 60
18 60
29 89
25 90
32 91
14 92
69 95
60 96
17 97
59 97
98 97
17 98
59 98
97 98
32 100
13 101
43 101
20 102
32 103
1 105
37 105
51 105
63 105
1 106
27 106
2 107
128 108
27 109
69 109
27 122
51 123
27 131
51 131
50 138
66 143
50 145
27 148
1 149
2 149
27 149
5 150
40 150
49 150
92 150
10 151
62 151
131 152
10 153
37 153
131 154
18 155
13 156
32 156
33 156
91 156
155 156
204 156
205 156
206 156
131 157
138 158
189 158
100 159
127 159
11 160
18 160
35 160
60 160
111 160
187 161
37 162
62 162
37 163
62 163
10 164
11 164
37 164
49 164
136 164
153 164
128 165
11 166
18 166
27 166
32 167
43 168
69 168
18 169
180 170
137 171
32 172
121 172
128 173
46 174
60 174
69 175
18 176
60 176
73 177
49 178
130 180
35 181
51 181
51 182
49 186
52 186
178 186
49 192
52 192
27 193
69 194
61 197
18 200
24 200
60 200
111 200
189 201
127 202
45 205
204 205
37 214
71 215
91 215
52 217
63 217
3 218
217 218
131 219
131 220
32 221
122 221
152 221
219 221
242 221
291 221
123 222
127 223
127 224
186 224
223 224
258 224
1 225
13 225
91 225
156 225
164 225
42 226
71 226
91 226
126 226
156 226
225 226
156 227
164 227
225 227
226 227
285 227
42 228
91 228
156 228
225 228
226 228
227 228
294 228
278 229
27 230
111 231
160 231
234 231
13 232
32 232
101 232
189 233
11 234
18 234
27 234
35 234
60 234
111 234
160 234
166 234
294 236
180 237
128 239
166 239
3 240
37 240
51 240
57 240
27 241
32 242
100 242
32 243
285 244
112 245
100 246
112 246
67 247
271 248
124 249
32 250
101 250
124 250
127 250
202 250
203 251
187 253
71 254
50 258
127 258
138 258
178 258
186 258
192 258
27 271
131 271
211 272
40 273
41 273
46 273
48 273
49 273
50 273
52 273
55 273
56 273
57 273
58 273
59 273
60 273
62 273
66 273
70 273
74 273
75 273
76 273
77 273
78 273
79 273
80 273
81 273
82 273
84 273
85 273
86 273
91 273
92 273
36 278
133 278
137 279
181 279
99 280
100 280
101 280
102 280
103 280
104 280
105 280
106 280
109 280
49 286
59 288
168 291
27 292
101 292
127 292
137 292
101 293
49 299
51 299
178 299
186 299
192 299
168 300
169 300
178 300
179 300
180 300
181 300
182 300
186 300
187 300
189 300
192 300
193 300
194 300
197 300
198 300
199 300
202 300
203 300
204 300
206 300
211 300
212 300
214 300
215 300
217 300
218 300
13 303
34 303
43 303
91 303
13 304
71 304
91 304
126 304
2 305
178 306
186 306
27 307
27 308
37 308
181 308
182 308
127 309
202 309
192 310
27 311
309 311
272 312
143 313
27 314
32 314
34 314
271 315
131 316
219 316
131 317
316 317
27 318
131 318
219 318
248 318
271 318
133 319
360 320
13 321
226 321
228 321
121 322
156 322
224 322
292 322
321 322
132 323
213 323
214 323
223 323
288 323
292 323
298 323
305 323
321 323
322 323
376 323
13 324
91 324
96 324
225 324
226 324
227 324
228 324
294 324
305 324
321 324
42 325
223 325
224 325
227 325
226 326
227 326
228 326
324 326
327 326
503 326
226 327
227 327
228 327
321 327
324 327
326 327
503 327
66 328
2 329
142 331
21 333
49 335
20 336
273 338
274 338
280 338
300 338
301 338
302 338
360 338
366 338
44 339
178 339
186 339
192 339
18 340
60 340
176 340
178 341
186 341
192 341
235 341
57 342
102 342
214 342
66 343
174 344
3 345
304 345
194 346
32 347
71 347
126 347
242 347
291 347
69 348
168 348
55 349
196 350
272 351
182 352
11 353
104 353
257 354
271 356
271 357
356 357
145 362
50 363
145 363
153 365
155 365
156 365
159 365
165 365
222 365
308 365
287 367
368 369
178 370
186 370
192 370
368 370
2 371
35 371
368 371
368 372
368 373
368 374
27 376
101 376
127 376
155 376
156 376
198 376
202 376
292 376
49 377
104 377
178 377
186 377
192 377
196 377
66 378
150 378
49 379
61 379
142 379
150 381
152 381
157 381
176 381
234 381
212 384
2 385
44 386
20 391
158 391
294 392
45 394
166 394
170 394
223 394
224 394
225 394
226 394
227 394
228 394
237 394
238 394
239 394
240 394
241 394
242 394
244 394
251 394
252 394
304 394
305 394
34 396
69 396
303 396
32 398
92 398
170 404
180 404
237 404
19 405
40 405
20 406
35 406
36 406
70 406
189 406
33 408
194 409
25 410
118 410
71 411
91 411
254 411
109 412
271 412
71 413
75 413
78 413
178 414
271 415
143 416
399 417
271 418
442 418
127 419
131 420
180 420
203 420
238 420
502 421
13 422
33 422
117 423
155 424
222 424
240 424
327 424
42 425
127 425
223 425
224 425
258 425
292 425
325 425
376 425
224 426
425 426
224 427
292 427
425 427
426 427
155 428
222 428
240 428
322 428
485 428
123 429
155 429
222 429
240 429
322 429
428 429
485 429
20 430
57 430
102 430
155 430
189 430
222 430
323 430
428 430
429 430
447 430
483 430
485 430
228 431
321 431
324 431
326 431
327 431
429 431
503 431
5 432
13 432
17 432
23 432
24 432
32 432
33 432
42 432
51 432
52 432
58 432
59 432
60 432
71 432
80 432
83 432
84 432
91 432
96 432
97 432
98 432
113 432
121 432
122 432
126 432
132 432
134 432
136 432
144 432
155 432
156 432
164 432
179 432
181 432
196 432
198 432
200 432
213 432
214 432
215 432
222 432
223 432
224 432
225 432
226 432
227 432
228 432
240 432
252 432
272 432
273 432
280 432
288 432
292 432
298 432
300 432
305 432
311 432
321 432
322 432
323 432
324 432
325 432
326 432
327 432
342 432
365 432
375 432
376 432
381 432
391 432
394 432
424 432
425 432
426 432
427 432
428 432
429 432
430 432
431 432
432 432
434 432
485 432
489 432
496 432
499 432
503 432
513 432
517 432
518 432
521 432
526 432
528 432
531 432
202 433
104 434
368 435
20 436
35 436
36 436
57 436
70 436
158 436
189 436
406 436
66 438
328 438
254 439
391 439
405 439
411 439
467 439
530 439
49 440
104 440
271 442
120 443
20 444
57 444
102 444
342 444
524 444
496 445
526 445
69 446
239 446
20 447
102 447
49 448
178 448
186 448
192 448
494 449
495 449
180 450
27 451
32 451
51 452
181 452
55 453
138 454
182 454
241 454
252 454
182 455
454 455
178 456
186 456
192 456
194 457
60 458
32 459
236 459
196 460
243 461
145 462
117 463
303 463
271 464
357 464
272 466
109 467
285 467
252 469
50 471
145 471
255 471
363 471
256 473
108 476
174 476
216 476
219 476
220 476
230 476
235 476
249 476
250 476
303 476
311 476
318 476
321 476
322 476
140 481
241 481
211 482
272 482
368 483
100 484
112 484
159 484
222 485
240 485
323 485
377 486
1 487
14 487
72 487
252 489
203 494
32 498
49 500
61 501
20 503
21 503
42 503
91 503
153 503
156 503
164 503
225 503
226 503
227 503
228 503
232 503
241 503
285 503
294 503
311 503
322 503
324 503
325 503
326 503
327 503
342 503
378 503
406 503
102 505
1 506
2 506
3 506
11 506
17 506
18 506
24 506
27 506
29 506
31 506
52 506
55 506
59 506
70 506
72 506
80 506
82 506
86 506
119 506
123 506
124 506
128 506
136 506
138 506
139 506
180 506
181 506
189 506
199 506
203 506
212 506
213 506
214 506
271 506
274 506
279 506
287 506
288 506
295 506
296 506
301 506
302 506
407 507
276 510
278 510
279 510
287 510
32 512
252 512
42 513
96 513
97 513
98 513
230 513
332 513
345 513
346 513
406 513
516 518
27 519
214 521
298 521
310 521
20 524
57 524
342 524
496 526
27 527
198 527
257 527
287 529
69 530
168 530
123 531
252 531
305 531
13 532
530 532
194 533
143 534
3 535
397 535
70 538
287 538
367 538
487 538
510 538
536 538
271 539
272 540
178 541
186 541
192 541
450 541
23 542
24 542
27 542
51 542
58 542
59 542
61 542
91 542
97 542
105 542
126 542
156 542
222 542
225 542
226 542
227 542
228 542
240 542
288 542
292 542
298 542
321 542
323 542
324 542
327 542
391 542
426 542
427 542
428 542
429 542
430 542
431 542
432 542
485 542
496 542
500 542
503 542
526 542
543 542
544 542
545 542
546 542
547 542
548 542
549 542
550 542
552 542
553 542
554 542
555 542
556 542
557 542
558 542
560 542
561 542
562 542
563 542
564 542
565 542
566 542
567 542
612 542
14 543
18 543
24 543
46 543
50 543
60 543
111 543
155 543
160 543
164 543
166 543
174 543
231 543
234 543
321 543
325 543
327 543
424 543
428 543
431 543
542 543
178 544
186 544
192 544
225 545
321 545
327 545
429 545
489 545
503 545
503 546
17 547
97 547
98 547
556 547
560 547
503 548
178 549
186 549
192 549
299 549
144 550
375 550
92 551
255 551
270 551
471 551
612 551
5 552
333 552
327 553
518 553
503 554
553 554
240 555
256 555
428 555
485 555
494 555
564 555
17 556
59 556
97 556
98 556
288 556
547 556
224 557
292 557
298 557
376 557
425 557
426 557
427 557
240 558
326 559
503 559
438 560
391 561
546 561
155 562
200 562
222 562
224 562
240 562
292 562
376 562
426 562
427 562
428 562
429 562
485 562
501 562
214 563
228 563
324 563
326 563
426 563
496 563
155 564
222 564
240 564
428 564
429 564
485 564
492 564
542 564
548 564
555 564
562 564
138 565
222 565
321 565
324 565
326 565
427 565
429 565
471 565
501 565
503 565
32 566
43 566
71 566
126 566
156 566
215 566
321 566
327 566
346 566
431 566
492 566
496 566
213 567
137 568
240 568
258 568
305 568
342 568
424 568
428 568
430 568
432 568
542 568
548 568
555 568
558 568
189 569
305 569
324 569
424 569
428 569
429 569
430 569
485 569
542 569
555 569
558 569
564 569
568 569
5 570
130 570
155 570
222 570
322 570
429 570
431 570
542 570
555 570
556 570
226 571
227 571
228 571
324 571
327 571
431 571
503 571
542 571
545 571
561 571
32 572
155 572
156 572
228 572
321 572
326 572
429 572
432 572
503 572
542 572
545 572
555 572
562 572
564 572
566 572
570 572
571 572
23 573
228 573
230 573
258 573
321 573
322 573
327 573
426 573
427 573
429 573
431 573
503 573
545 573
570 573
571 573
155 574
305 574
327 574
424 574
489 574
531 574
569 574
571 574
575 574
91 575
155 575
156 575
227 575
327 575
426 575
430 575
503 575
545 575
572 575
573 575
473 576
122 577
285 578
490 580
496 581
506 581
514 581
526 581
532 581
621 581
644 581
646 581
647 581
663 581
664 581
37 582
62 582
137 582
153 582
164 582
165 582
380 583
178 584
186 584
192 584
450 584
544 584
20 585
102 585
406 585
444 585
524 585
618 585
624 585
440 586
642 586
49 587
104 587
166 587
434 587
43 588
446 588
496 588
526 588
92 589
100 589
126 589
242 589
347 589
446 589
49 590
440 590
49 591
380 592
525 592
252 593
489 593
293 594
43 595
69 595
445 595
588 595
32 596
71 596
92 596
242 596
291 596
364 596
494 598
256 599
473 599
122 600
100 601
272 601
377 602
32 603
126 604
496 604
27 605
329 606
489 606
271 607
442 607
131 608
251 608
252 608
468 608
122 609
204 609
251 609
252 609
396 611
11 613
18 613
169 613
361 614
70 615
272 615
20 618
36 618
57 618
102 618
158 618
406 618
304 622
198 625
288 625
62 626
334 630
2 631
377 632
456 632
83 633
489 633
531 633
27 635
240 635
258 635
335 636
341 636
342 636
352 636
353 636
420 636
436 636
441 636
178 638
186 638
192 638
299 638
518 639
531 639
440 642
485 643
20 644
102 644
391 644
43 645
69 645
178 648
186 648
192 648
299 648
638 648
102 649
251 649
252 649
635 649
368 650
158 651
189 651
499 652
11 658
18 658
46 658
49 658
204 658
205 658
206 658
234 658
525 658
613 658
60 660
111 660
176 660
340 660
150 661
393 662
236 663
294 663
392 663
33 664
216 664
408 664
368 665
483 665
150 666
336 666
51 667
377 668
57 670
329 671
507 671
391 672
365 673
381 673
394 673
104 674
125 674
186 674
198 674
243 674
244 674
285 674
304 674
339 674
346 674
368 674
370 674
371 674
434 674
446 674
447 674
448 674
450 674
472 674
495 674
496 674
500 674
526 674
577 674
587 674
589 674
612 674
617 674
622 674
638 674
645 674
158 676
189 676
651 676
131 677
219 677
287 678
635 678
725 678
739 678
755 678
123 679
228 679
298 679
321 679
322 679
323 679
324 679
326 679
327 679
424 679
427 679
429 679
445 679
555 679
566 679
570 679
571 679
643 679
50 680
104 680
164 680
270 680
377 680
486 680
489 680
613 680
257 681
257 682
681 682
377 683
490 684
501 686
232 687
345 687
361 687
508 687
512 687
517 687
526 687
125 688
178 688
186 688
192 688
434 688
448 688
613 689
635 689
652 689
117 690
692 691
746 691
793 691
25 692
90 692
27 693
440 694
590 694
629 694
787 695
473 696
57 697
214 697
342 697
444 697
524 697
143 698
27 699
76 699
122 699
252 699
256 699
279 699
303 699
489 699
496 699
518 699
522 699
526 699
606 699
609 699
633 699
111 700
200 700
239 700
446 700
104 701
440 701
586 701
590 701
642 701
500 702
587 702
591 702
40 703
176 703
271 703
415 703
488 703
1 704
2 704
27 704
69 704
71 704
72 704
252 704
303 704
396 704
32 705
498 705
33 706
34 706
51 706
100 706
124 706
441 706
468 707
408 709
432 709
537 709
664 709
494 710
248 711
271 711
442 711
32 712
236 712
459 712
252 713
473 713
531 713
467 715
252 716
517 716
252 717
256 717
473 717
606 717
494 719
473 720
256 721
473 721
252 722
351 722
610 722
633 722
635 725
61 727
186 727
379 727
618 729
436 730
618 730
27 731
198 731
527 731
486 732
642 732
635 739
21 741
178 741
186 741
192 741
299 741
333 741
552 741
440 743
591 743
252 744
112 745
322 746
380 747
592 747
492 751
496 751
526 751
622 751
645 751
469 753
489 753
516 753
612 753
664 753
198 754
518 754
664 754
635 755
49 757
104 757
214 758
293 758
521 758
609 758
649 758
140 759
432 760
652 760
419 761
143 762
473 762
240 764
432 764
501 764
562 764
643 764
652 764
635 768
204 769
205 769
230 771
558 771
635 771
467 772
499 772
612 772
664 772
772 773
772 774
772 775
303 776
496 776
530 776
622 776
772 776
467 777
612 777
772 777
772 778
772 779
772 780
664 781
772 781
101 782
467 782
612 782
664 782
772 782
588 783
664 783
772 783
772 784
499 785
664 785
772 785
255 786
471 786
106 787
350 787
542 787
102 788
474 788
325 789
326 789
327 789
424 789
425 789
426 789
427 789
428 789
429 789
430 789
431 789
434 789
450 789
460 789
467 789
468 789
469 789
470 789
471 789
472 789
473 789
474 789
475 789
481 789
482 789
483 789
484 789
485 789
487 789
488 789
489 789
490 789
491 789
492 789
493 789
494 789
495 789
496 789
497 789
498 789
499 789
500 789
501 789
503 789
504 789
505 789
506 789
507 789
509 789
510 789
511 789
512 789
516 789
517 789
518 789
519 789
520 789
521 789
522 789
523 789
524 789
525 789
526 789
527 789
528 789
557 789
558 789
569 789
570 789
571 789
572 789
573 789
582 789
14 792
14 793
487 793
71 794
91 794
126 794
254 794
304 794
411 794
487 795
32 796
71 796
92 796
496 796
526 796
610 796
469 797
661 798
101 799
287 799
293 799
396 799
510 799
536 799
537 799
356 800
399 802
856 803
194 804
158 806
651 806
676 806
739 806
880 806
391 808
127 809
216 809
32 810
445 810
496 810
526 810
222 811
429 811
564 811
570 811
1 812
527 813
252 814
27 815
101 815
354 815
376 815
527 815
49 816
104 816
486 816
586 816
587 816
591 816
642 816
688 816
702 816
49 817
448 817
496 818
11 819
111 819
160 819
234 819
44 820
178 820
186 820
192 820
339 820
440 820
450 820
67 821
127 821
137 821
198 821
202 821
241 821
257 821
258 821
292 821
376 821
445 821
521 821
557 821
563 821
49 822
440 822
771 822
505 823
57 824
319 824
342 824
444 824
524 824
585 824
618 824
624 824
178 825
186 825
192 825
235 825
440 825
450 825
584 825
586 825
590 825
642 825
102 826
305 826
505 826
618 826
524 827
585 827
725 827
739 827
755 827
826 827
725 828
271 829
328 829
27 830
32 830
257 830
354 830
451 830
181 831
596 832
613 832
59 833
492 833
69 834
49 835
178 835
440 835
450 835
820 835
55 837
298 838
512 838
517 838
520 838
622 838
69 839
194 839
69 840
725 841
2 842
178 843
186 843
192 843
111 844
200 844
446 844
700 844
271 845
109 846
152 846
157 846
328 846
380 846
438 846
508 846
560 846
592 846
614 846
750 846
203 847
238 847
271 847
507 847
666 847
445 848
458 848
632 848
252 849
329 849
473 849
11 850
35 850
258 851
342 853
870 853
870 854
178 857
186 857
192 857
299 857
331 857
333 857
450 857
587 857
638 857
741 857
178 858
186 858
192 858
299 858
638 858
648 858
258 859
363 859
643 860
622 862
287 863
536 863
348 864
495 864
649 864
232 867
319 867
329 867
342 867
345 867
346 867
347 867
350 867
420 867
434 867
441 867
446 867
530 867
531 867
542 867
543 867
544 867
545 867
546 867
547 867
548 867
549 867
550 867
552 867
553 867
554 867
555 867
556 867
557 867
558 867
559 867
560 867
561 867
562 867
563 867
564 867
565 867
566 867
567 867
584 867
593 867
606 867
638 867
639 867
640 867
641 867
642 867
643 867
644 867
645 867
648 867
649 867
650 867
651 867
652 867
656 867
657 867
658 867
660 867
667 867
635 870
725 870
739 870
755 870
203 871
238 871
251 871
157 872
438 872
127 874
137 874
202 874
203 874
230 874
252 874
425 874
633 874
635 874
639 874
649 874
725 874
739 874
755 874
20 875
50 875
57 875
138 875
608 875
186 876
192 876
286 876
379 876
440 876
606 876
727 876
743 876
178 877
186 877
192 877
339 877
434 877
440 877
450 877
486 877
500 877
587 877
591 877
638 877
415 883
102 884
505 884
20 886
36 886
49 886
57 886
102 886
189 886
278 886
342 886
391 886
406 886
430 886
483 886
485 886
524 886
548 886
613 886
643 886
652 886
658 886
697 886
727 886
728 887
178 888
192 888
286 888
591 888
635 889
725 889
739 889
755 889
252 891
610 891
710 891
252 892
610 892
633 892
252 893
610 893
252 894
610 894
633 894
610 896
489 898
894 898
252 899
606 899
633 899
699 899
894 899
710 900
635 906
725 906
739 906
755 906
870 906
880 906
160 909
166 909
200 909
231 909
234 909
658 909
32 911
425 911
609 911
649 911
650 911
758 911
874 911
2 913
496 913
526 913
197 914
440 914
590 914
629 914
739 916
755 916
66 917
143 917
286 917
762 917
36 918
158 918
189 918
303 918
406 918
763 918
13 919
33 919
131 920
63 921
193 921
756 921
271 922
442 922
380 923
592 923
55 924
336 924
407 924
666 924
145 925
496 926
610 926
664 926
746 926
18 927
32 927
34 927
35 927
43 927
49 927
60 927
63 927
69 927
71 927
92 927
100 927
104 927
105 927
106 927
111 927
112 927
124 927
126 927
166 927
168 927
169 927
178 927
186 927
192 927
204 927
205 927
215 927
234 927
237 927
241 927
242 927
251 927
252 927
291 927
304 927
331 927
332 927
339 927
341 927
346 927
347 927
350 927
354 927
360 927
364 927
376 927
420 927
434 927
440 927
445 927
446 927
448 927
450 927
451 927
460 927
481 927
489 927
492 927
495 927
496 927
497 927
498 927
503 927
516 927
517 927
518 927
521 927
522 927
526 927
528 927
530 927
577 927
584 927
587 927
588 927
589 927
590 927
591 927
594 927
596 927
610 927
613 927
617 927
622 927
625 927
633 927
639 927
643 927
645 927
660 927
688 927
694 927
698 927
699 927
700 927
701 927
704 927
705 927
719 927
722 927
743 927
751 927
761 927
764 927
787 927
794 927
796 927
815 927
816 927
817 927
821 927
830 927
832 927
860 927
864 927
874 927
894 927
899 927
1007 927
1045 927
152 928
380 928
762 929
380 930
884 931
886 931
918 931
27 932
441 932
706 932
69 933
502 933
704 933
772 933
821 933
1007 933
445 934
487 934
704 934
787 934
792 934
796 934
286 935
298 935
335 935
379 935
865 935
876 935
888 935
445 936
588 936
645 936
92 937
242 937
291 937
347 937
364 937
589 937
596 937
792 937
181 938
182 938
308 938
468 938
608 938
291 939
347 939
122 940
252 940
303 940
489 940
496 940
518 940
522 940
526 940
606 940
609 940
633 940
699 940
796 940
693 941
752 941
758 941
997 941
496 943
526 943
491 944
157 945
438 945
131 946
157 946
271 946
356 946
800 946
731 947
815 947
194 948
445 948
457 948
496 949
434 950
591 950
743 950
32 951
43 951
69 951
126 951
168 951
530 951
588 951
589 951
258 952
859 952
328 953
380 953
438 953
60 954
49 955
448 955
450 955
820 955
583 956
885 956
61 957
105 957
617 957
102 958
137 958
444 958
764 958
821 958
886 958
419 959
821 959
859 959
252 960
841 960
1037 960
35 961
377 962
456 962
182 963
249 963
33 964
122 964
204 964
205 964
206 964
211 964
252 964
272 964
285 964
305 964
408 964
432 964
467 964
469 964
518 964
519 964
531 964
537 964
542 964
612 964
664 964
104 965
125 965
166 965
178 965
186 965
192 965
205 965
234 965
448 965
500 965
587 965
688 965
702 965
816 965
271 966
34 967
100 967
396 967
445 967
473 968
44 969
106 969
178 969
186 969
192 969
331 969
332 969
339 969
440 969
450 969
591 969
701 969
519 970
293 971
69 972
169 974
613 974
69 975
237 975
700 975
157 976
438 976
271 977
109 979
380 979
592 979
119 980
286 980
511 980
69 981
396 981
496 981
526 981
610 981
622 981
751 981
1015 981
1022 981
252 982
633 982
814 982
894 982
494 983
710 983
725 983
739 983
755 983
494 984
496 984
870 985
635 988
725 988
739 988
755 988
870 988
880 988
906 988
178 991
186 991
192 991
648 991
496 992
526 992
49 994
125 994
178 994
299 994
339 994
500 994
61 996
69 997
710 1000
912 1000
104 1001
434 1001
642 1001
757 1001
415 1003
583 1003
664 1003
772 1003
60 1004
104 1004
205 1004
434 1004
486 1004
587 1004
613 1004
51 1005
70 1005
278 1005
436 1005
483 1005
497 1005
585 1005
618 1005
887 1006
100 1007
249 1007
298 1007
318 1007
527 1007
3 1008
198 1008
237 1008
303 1008
396 1008
445 1008
197 1010
914 1010
918 1012
55 1015
526 1015
622 1015
751 1015
776 1015
1016 1015
1021 1015
230 1016
252 1016
482 1016
524 1016
606 1016
612 1016
618 1016
664 1016
713 1016
760 1016
782 1016
155 1017
222 1017
252 1017
489 1017
496 1017
526 1017
531 1017
652 1017
892 1017
894 1017
896 1017
901 1017
20 1018
102 1018
342 1018
406 1018
444 1018
585 1018
618 1018
826 1018
884 1018
287 1019
518 1019
608 1019
639 1019
32 1020
469 1020
498 1020
781 1020
252 1021
530 1021
782 1021
834 1021
864 1021
1031 1021
530 1022
772 1022
498 1023
622 1024
303 1025
496 1027
1028 1027
396 1028
582 1028
258 1029
346 1029
396 1029
445 1029
446 1029
496 1029
526 1029
751 1029
794 1029
796 1029
610 1030
754 1030
796 1030
1029 1030
285 1031
526 1031
610 1031
758 1031
776 1031
725 1032
739 1032
755 1032
870 1032
880 1032
906 1032
865 1035
870 1035
880 1035
906 1035
643 1036
744 1036
841 1037
722 1040
240 1041
49 1042
440 1042
450 1042
590 1042
591 1042
743 1042
820 1042
252 1043
710 1043
870 1043
69 1045
168 1045
293 1045
495 1045
503 1045
530 1045
532 1045
728 1045
440 1050
500 1050
590 1050
641 1050
642 1050
235 1051
641 1051
528 1054
42 1055
43 1055
67 1055
214 1055
308 1055
483 1055
501 1055
503 1055
504 1055
524 1055
528 1055
641 1055
111 1059
160 1059
543 1059
613 1059
203 1061
238 1061
507 1061
342 1062
633 1062
667 1062
725 1062
771 1062
516 1064
664 1064
753 1064
158 1065
918 1065
130 1066
34 1067
303 1067
451 1067
731 1067
870 1068
896 1069
610 1070
896 1070
258 1072
635 1072
870 1072
988 1072
101 1073
408 1073
432 1073
537 1073
664 1073
664 1074
772 1074
785 1074
482 1075
516 1075
518 1075
649 1075
1073 1075
1074 1075
202 1076
249 1076
524 1077
618 1077
1005 1077
27 1078
252 1078
272 1078
531 1078
664 1078
785 1078
850 1078
894 1078
918 1078
1016 1078
238 1079
251 1079
927 1079
252 1080
652 1080
1032 1080
651 1081
676 1081
739 1081
755 1081
783 1081
806 1081
880 1081
906 1081
1073 1081
1074 1081
761 1082
419 1083
708 1083
710 1083
758 1083
941 1083
1082 1083
1032 1084
3 1085
51 1085
499 1086
772 1086
784 1086
643 1087
271 1088
189 1089
368 1089
480 1089
483 1089
665 1089
919 1089
931 1089
761 1090
1032 1091
1167 1091
496 1092
526 1092
488 1094
152 1095
157 1095
328 1095
438 1095
846 1095
872 1095
953 1095
976 1095
150 1096
157 1096
380 1096
750 1096
488 1097
577 1100
658 1100
686 1100
886 1100
1042 1100
44 1101
341 1101
440 1101
590 1101
694 1101
743 1101
820 1101
914 1101
5 1102
258 1102
643 1102
757 1103
18 1104
661 1105
122 1106
609 1106
433 1107
519 1107
137 1108
193 1108
538 1108
873 1109
473 1110
718 1110
719 1110
721 1110
762 1110
836 1110
968 1110
204 1111
583 1111
271 1112
442 1112
607 1112
13 1113
27 1113
117 1113
212 1113
300 1113
384 1113
467 1113
483 1113
495 1113
501 1113
649 1113
650 1113
731 1113
767 1113
864 1113
993 1113
995 1113
1003 1113
1007 1113
178 1114
186 1114
192 1114
299 1114
587 1114
914 1114
49 1115
178 1115
448 1115
450 1115
591 1115
688 1115
49 1116
178 1116
186 1116
192 1116
377 1116
450 1116
632 1116
680 1116
962 1116
694 1117
702 1117
914 1117
996 1117
1114 1117
484 1118
1 1119
57 1119
618 1119
198 1120
303 1120
445 1120
622 1120
754 1120
1007 1120
1069 1120
133 1121
103 1122
153 1122
155 1122
224 1122
225 1122
423 1122
432 1122
542 1122
552 1122
575 1122
675 1122
690 1122
1185 1122
194 1123
457 1123
37 1124
102 1125
322 1125
444 1125
725 1125
755 1125
517 1126
487 1127
494 1127
887 1127
434 1128
440 1128
450 1128
500 1128
587 1128
591 1128
688 1128
694 1128
702 1128
732 1128
49 1129
440 1129
590 1129
243 1130
298 1131
127 1132
198 1132
376 1132
518 1132
609 1132
664 1132
731 1132
754 1132
821 1132
49 1133
178 1133
440 1133
591 1134
743 1134
523 1135
242 1136
291 1136
347 1136
364 1136
445 1136
496 1136
526 1136
596 1136
832 1136
937 1136
967 1136
1137 1136
43 1137
347 1137
364 1137
927 1137
1136 1137
49 1138
440 1138
590 1138
393 1139
236 1140
294 1140
392 1140
1020 1141
140 1142
232 1142
241 1142
698 1142
203 1143
238 1143
605 1143
699 1143
761 1143
710 1145
912 1145
1000 1145
1032 1145
496 1146
526 1146
1032 1147
894 1148
895 1148
2 1149
1032 1150
131 1151
271 1151
758 1153
451 1154
1007 1154
473 1156
494 1157
473 1158
892 1159
611 1160
912 1160
473 1161
57 1162
252 1162
342 1162
483 1162
613 1162
630 1162
652 1162
689 1162
827 1162
886 1162
1016 1162
1032 1162
138 1164
252 1164
516 1164
527 1164
101 1165
496 1165
526 1165
530 1165
589 1165
664 1165
751 1165
758 1165
772 1165
776 1165
821 1165
1015 1165
1021 1165
1022 1165
1023 1165
1032 1166
1032 1167
13 1168
71 1168
91 1168
215 1168
445 1168
495 1168
503 1168
545 1168
573 1168
575 1168
587 1168
629 1168
635 1168
743 1168
794 1168
59 1169
97 1169
164 1169
194 1169
288 1169
303 1169
396 1169
407 1169
526 1169
547 1169
556 1169
573 1169
625 1169
255 1170
270 1170
467 1170
471 1170
551 1170
612 1170
368 1171
501 1171
368 1172
371 1172
501 1172
557 1172
642 1172
656 1172
743 1172
874 1172
914 1172
67 1173
255 1173
292 1173
376 1173
527 1173
531 1175
710 1175
870 1175
1014 1177
1032 1177
333 1178
339 1178
688 1178
858 1178
252 1180
436 1180
618 1180
649 1180
729 1180
730 1180
880 1180
884 1180
801 1183
303 1184
622 1184
981 1184
1015 1184
1022 1184
625 1185
196 1187
273 1187
300 1187
365 1187
381 1187
394 1187
460 1187
476 1187
513 1187
636 1187
846 1188
608 1192
57 1194
873 1194
35 1196
60 1197
200 1197
524 1197
725 1197
739 1197
755 1197
771 1197
870 1197
880 1197
127 1198
635 1198
874 1198
396 1199
445 1199
446 1199
610 1199
796 1199
1029 1199
429 1200
432 1200
606 1201
883 1202
1027 1204
584 1205
978 1207
618 1208
729 1208
730 1208
785 1208
850 1208
1016 1208
122 1209
186 1209
211 1209
252 1209
272 1209
488 1209
592 1209
608 1209
750 1209
753 1209
866 1209
1040 1209
230 1210
285 1210
914 1212
293 1213
1021 1213
57 1214
1184 1215
303 1216
496 1216
622 1216
645 1216
751 1216
981 1216
1000 1216
1043 1216
1184 1216
252 1225
272 1225
895 1225
256 1230
494 1230
671 1230
1181 1230
1231 1230
473 1231
718 1231
719 1231
632 1235
635 1235
870 1235
880 1235
906 1235
1032 1235
525 1237
800 1237
801 1237
488 1238
795 1239
27 1240
40 1240
380 1240
391 1240
396 1240
483 1240
535 1240
588 1240
589 1240
699 1240
1046 1242
445 1243
1006 1243
150 1244
157 1244
380 1244
750 1244
1032 1245
1072 1245
1032 1246
1072 1246
495 1247
2 1248
517 1248
27 1249
758 1249
150 1250
380 1250
592 1250
71 1251
91 1251
155 1251
156 1251
215 1251
254 1251
411 1251
429 1251
432 1251
672 1251
794 1251
494 1252
920 1252
983 1252
883 1253
1191 1254
127 1255
202 1255
249 1255
815 1255
821 1255
32 1256
285 1256
578 1256
762 1257
836 1257
152 1258
157 1258
328 1258
378 1258
438 1258
846 1258
976 1258
517 1259
60 1260
664 1260
1238 1260
241 1261
964 1261
1003 1261
1040 1261
1064 1261
234 1262
909 1262
1114 1262
1173 1262
287 1263
652 1263
880 1263
1171 1265
1326 1266
632 1267
664 1267
699 1267
498 1268
530 1268
11 1269
18 1269
60 1269
340 1269
525 1269
660 1269
715 1269
782 1269
1238 1269
27 1270
518 1270
583 1270
699 1270
49 1271
440 1271
591 1271
688 1271
727 1271
743 1271
816 1271
876 1271
914 1271
1042 1271
1117 1271
1328 1271
68 1272
122 1272
516 1272
518 1272
964 1272
1075 1272
256 1273
696 1273
717 1273
719 1273
1156 1273
391 1274
102 1275
305 1275
342 1275
444 1275
606 1275
1032 1275
1332 1275
643 1276
860 1276
43 1277
242 1277
291 1277
347 1277
526 1277
596 1277
664 1277
32 1278
303 1278
396 1278
492 1278
498 1278
526 1278
588 1278
610 1278
699 1278
796 1278
32 1279
526 1279
178 1280
186 1280
450 1280
591 1280
291 1281
347 1281
451 1281
526 1281
830 1281
927 1281
1007 1281
32 1282
498 1282
894 1282
1020 1282
225 1283
227 1283
293 1283
324 1283
530 1283
257 1284
354 1284
815 1284
821 1284
830 1284
958 1284
445 1286
719 1286
925 1286
1110 1286
710 1287
557 1288
69 1289
446 1289
420 1290
577 1290
589 1290
596 1290
927 1290
937 1290
1007 1290
1136 1290
229 1291
278 1291
1293 1292
35 1293
445 1293
526 1293
697 1293
710 1294
1294 1295
1342 1295
542 1297
545 1297
577 1297
699 1297
751 1297
787 1297
892 1297
892 1298
897 1299
699 1300
761 1300
782 1300
927 1300
1007 1300
271 1301
368 1302
46 1303
700 1303
832 1303
844 1303
27 1304
354 1304
583 1306
671 1307
1061 1307
1230 1307
256 1308
583 1309
664 1309
772 1309
874 1309
1003 1309
1333 1309
494 1310
920 1310
983 1310
473 1311
719 1311
983 1311
1026 1312
252 1313
530 1313
622 1313
981 1313
1020 1313
1021 1313
1028 1313
1165 1313
111 1314
699 1314
927 1314
368 1316
983 1316
1032 1316
189 1317
368 1317
480 1317
483 1317
665 1317
919 1317
931 1317
92 1318
445 1318
531 1318
664 1318
145 1323
362 1323
363 1323
701 1324
1114 1324
368 1325
557 1325
1172 1325
710 1327
865 1327
1000 1327
1014 1327
49 1328
204 1328
205 1328
206 1328
368 1328
440 1328
658 1328
727 1328
816 1328
1004 1328
1042 1328
518 1329
609 1329
821 1329
874 1329
911 1329
1023 1329
445 1330
610 1330
1069 1330
102 1332
305 1332
342 1332
444 1332
1032 1332
1043 1332
583 1333
664 1333
874 1333
1003 1333
445 1334
475 1334
517 1334
525 1334
589 1334
613 1334
700 1334
832 1334
909 1334
203 1335
238 1335
240 1335
252 1335
472 1335
482 1335
609 1335
635 1335
704 1335
713 1335
889 1335
927 1335
1003 1335
1017 1335
33 1336
189 1336
286 1336
368 1336
467 1336
483 1336
497 1336
499 1336
612 1336
772 1336
774 1336
780 1336
1017 1336
1032 1336
528 1337
1038 1337
1054 1337
368 1338
377 1338
524 1338
252 1339
710 1339
912 1339
1000 1339
1014 1339
1017 1339
1032 1339
1043 1339
1000 1340
1014 1340
1032 1340
1145 1340
1177 1340
710 1341
1000 1341
1043 1341
1216 1341
710 1342
870 1342
1000 1342
50 1343
145 1343
164 1343
363 1343
543 1343
567 1343
1003 1343
1018 1343
128 1344
239 1344
700 1344
150 1345
398 1345
445 1346
496 1346
526 1346
33 1348
244 1348
293 1348
256 1349
473 1349
719 1349
1071 1349
11 1350
14 1350
60 1350
164 1350
543 1350
613 1350
660 1350
1004 1350
252 1351
525 1351
964 1351
1045 1351
1074 1351
1026 1352
1032 1354
473 1355
649 1356
874 1356
1032 1356
240 1357
255 1358
270 1358
909 1358
252 1359
701 1360
252 1361
489 1361
35 1362
169 1363
758 1363
35 1367
664 1367
918 1367
57 1368
385 1373
473 1373
483 1373
524 1373
718 1373
725 1373
886 1373
988 1373
989 1373
1003 1373
1043 1373
1026 1375
880 1376
27 1380
1027 1381
717 1383
303 1384
445 1384
496 1384
894 1384
896 1384
494 1386
719 1386
1026 1386
1157 1386
13 1388
32 1388
291 1388
303 1388
396 1388
596 1388
920 1389
285 1392
1021 1392
1031 1392
1045 1392
415 1393
772 1393
883 1393
1202 1393
494 1395
710 1395
1000 1395
1017 1395
57 1398
494 1398
198 1399
496 1399
622 1399
821 1399
1007 1399
1215 1399
1216 1399
630 1400
143 1401
286 1401
303 1402
751 1402
896 1402
981 1402
1015 1402
1022 1402
1025 1402
1026 1402
1027 1402
1028 1402
1165 1402
772 1403
1023 1403
32 1404
252 1404
489 1404
606 1404
633 1404
664 1404
895 1404
919 1404
1020 1404
1040 1404
1169 1405
255 1406
37 1408
1032 1408
1032 1409
407 1410
924 1410
769 1411
801 1412
1350 1413
885 1414
378 1415
32 1416
398 1417
487 1418
512 1418
517 1418
523 1418
896 1418
927 1418
1142 1418
1348 1419
1339 1421
27 1422
1038 1423
324 1424
587 1424
741 1424
877 1424
21 1425
449 1425
473 1425
640 1425
761 1426
348 1427
517 1427
625 1427
805 1427
1052 1428
174 1429
660 1429
1368 1430
625 1431
613 1432
911 1432
1004 1432
1032 1432
1348 1432
1351 1432
1379 1432
178 1433
186 1433
192 1433
927 1433
180 1434
448 1434
450 1434
820 1434
955 1434
377 1435
450 1435
701 1435
187 1436
701 1436
1114 1436
1129 1436
1114 1437
1360 1437
1436 1437
377 1438
450 1438
557 1438
105 1439
186 1439
741 1439
746 1439
1114 1439
1169 1439
11 1440
18 1440
111 1440
166 1440
234 1440
995 1441
158 1442
489 1442
1074 1442
1032 1444
1169 1444
1336 1444
1395 1444
60 1446
174 1446
344 1446
36 1448
278 1448
870 1448
880 1448
229 1449
278 1449
873 1449
873 1450
507 1451
1368 1452
1331 1453
1331 1454
1453 1454
473 1455
699 1455
1016 1456
1023 1456
1040 1456
194 1457
346 1457
102 1458
342 1458
436 1458
444 1458
618 1458
826 1458
870 1458
880 1458
884 1458
906 1458
1018 1458
20 1459
524 1459
585 1459
618 1459
624 1459
651 1459
652 1459
697 1459
450 1460
591 1460
702 1460
1052 1460
1133 1460
1214 1461
644 1462
1459 1462
32 1463
43 1463
699 1463
1198 1463
1209 1463
1327 1463
1329 1463
1020 1464
1141 1464
1282 1464
523 1465
642 1466
1360 1466
100 1467
159 1467
451 1467
927 1467
933 1467
967 1467
1007 1467
1143 1467
49 1468
440 1468
587 1468
688 1468
701 1468
743 1468
816 1468
914 1468
965 1468
1042 1468
1052 1468
1101 1468
1138 1468
1212 1468
1271 1468
1328 1468
285 1469
293 1469
725 1469
1360 1470
519 1471
911 1471
964 1471
1132 1471
1318 1471
591 1472
743 1472
876 1472
914 1472
1133 1472
100 1473
131 1473
203 1473
238 1473
252 1473
722 1473
761 1473
1210 1473
1335 1473
101 1474
293 1474
1021 1474
1363 1474
68 1475
122 1475
272 1475
450 1475
486 1475
518 1475
521 1475
587 1475
612 1475
964 1475
1004 1475
1075 1475
278 1476
1448 1476
1518 1476
376 1477
527 1477
535 1477
731 1477
815 1477
821 1477
964 1477
1007 1477
293 1478
180 1479
44 1480
196 1480
332 1480
348 1480
437 1480
450 1480
480 1480
485 1480
486 1480
495 1480
496 1480
499 1480
501 1480
503 1480
518 1480
519 1480
522 1480
528 1480
531 1480
537 1480
568 1480
624 1480
633 1480
695 1480
698 1480
701 1480
706 1480
708 1480
906 1480
919 1480
969 1480
1038 1480
1054 1480
1058 1480
1074 1480
1187 1480
1320 1480
1324 1480
1326 1480
1327 1480
1329 1480
1337 1480
1338 1480
481 1481
642 1481
368 1482
516 1482
753 1482
196 1483
285 1483
1021 1483
1329 1483
1 1484
3 1484
55 1484
105 1484
206 1484
258 1484
587 1484
658 1484
694 1484
877 1484
1004 1484
1007 1484
1021 1484
1023 1484
1050 1484
1052 1484
1061 1484
1170 1484
1191 1484
1324 1484
1328 1484
1331 1484
1338 1484
1344 1484
368 1485
102 1486
652 1486
667 1486
1164 1487
1327 1487
1329 1487
1351 1487
1482 1487
1483 1487
1484 1487
1485 1487
1335 1488
332 1489
339 1489
751 1489
1070 1489
1133 1489
1385 1489
1386 1489
1533 1489
1540 1489
32 1490
380 1491
583 1491
923 1491
380 1492
592 1492
846 1492
1258 1492
1331 1495
1 1496
508 1497
219 1498
271 1498
814 1498
178 1499
186 1499
192 1499
843 1499
1007 1500
932 1501
1021 1501
883 1502
2 1503
251 1504
252 1504
496 1504
518 1504
526 1504
606 1504
699 1504
722 1504
848 1504
645 1505
119 1506
883 1507
1003 1507
1599 1507
445 1508
517 1508
610 1508
1008 1508
1030 1508
1069 1508
1070 1508
329 1509
696 1509
718 1509
754 1509
494 1510
849 1510
1157 1510
1328 1512
11 1513
35 1513
1196 1513
368 1514
377 1514
632 1514
635 1514
680 1514
725 1514
962 1514
1032 1514
1116 1514
1196 1514
252 1515
649 1515
880 1515
1180 1515
252 1517
635 1517
841 1517
870 1517
960 1517
1037 1517
11 1518
18 1518
20 1518
102 1518
189 1518
278 1518
524 1518
624 1518
651 1518
827 1518
406 1519
699 1519
824 1519
874 1519
918 1519
1005 1519
1032 1519
189 1520
651 1521
676 1521
739 1521
755 1521
880 1521
906 1521
1081 1521
518 1522
519 1522
964 1522
1127 1522
35 1523
158 1523
1196 1523
20 1524
36 1524
57 1524
406 1524
606 1524
618 1524
624 1524
657 1524
729 1524
730 1524
875 1524
1032 1524
1180 1524
133 1526
483 1526
699 1526
931 1526
305 1527
906 1527
20 1528
57 1528
158 1528
406 1528
482 1528
524 1528
585 1528
624 1528
651 1528
697 1528
918 1528
1005 1528
1032 1528
1180 1528
278 1529
406 1529
618 1529
918 1529
1196 1530
158 1531
651 1531
755 1531
880 1531
906 1531
102 1532
826 1532
396 1533
446 1533
186 1534
648 1534
991 1534
1383 1535
122 1537
1003 1538
1032 1538
1390 1538
14 1539
342 1539
444 1539
606 1539
633 1539
767 1539
875 1539
610 1540
897 1540
1070 1540
1020 1541
1226 1541
102 1542
158 1542
498 1542
826 1542
827 1542
958 1542
1005 1542
1213 1542
609 1544
1168 1544
1032 1546
1159 1546
279 1547
1181 1547
11 1548
501 1549
635 1549
821 1549
874 1549
959 1549
760 1550
788 1550
1162 1550
1335 1551
11 1552
18 1552
35 1552
1196 1552
694 1553
702 1553
1128 1553
1138 1553
1324 1553
178 1554
192 1554
370 1554
638 1554
648 1554
991 1554
1534 1554
744 1555
1036 1555
49 1556
434 1556
486 1556
587 1556
757 1556
1001 1556
1004 1556
1016 1557
303 1558
1184 1558
1215 1558
1216 1558
1399 1558
869 1560
35 1561
697 1561
894 1562
1020 1562
1282 1562
1464 1562
285 1563
495 1563
11 1566
49 1566
434 1566
587 1566
640 1566
750 1566
757 1566
882 1566
1001 1566
1157 1566
1556 1566
1353 1567
105 1568
1441 1568
1114 1571
1128 1571
587 1574
187 1576
701 1576
725 1579
739 1579
755 1579
870 1579
880 1579
906 1579
1032 1580
1196 1580
13 1581
20 1581
179 1581
406 1581
444 1581
618 1581
657 1581
332 1583
754 1583
1114 1583
1199 1583
303 1584
396 1584
751 1584
896 1584
981 1584
1026 1584
1069 1584
1070 1584
1184 1584
1204 1584
1215 1584
1216 1584
1386 1584
1399 1584
1402 1584
1584 1585
1026 1586
1399 1586
1598 1586
35 1587
1196 1587
1339 1587
1530 1587
1552 1587
138 1588
252 1588
814 1588
1148 1588
558 1590
635 1590
1014 1590
1032 1590
1196 1591
760 1594
788 1594
1162 1594
1312 1595
1357 1595
488 1596
1238 1596
1238 1597
1260 1597
1184 1598
1215 1598
1399 1598
883 1599
1003 1599
1240 1599
1305 1599
1393 1599
1003 1600
1240 1600
589 1601
785 1601
203 1602
238 1602
251 1602
1079 1602
318 1603
814 1603
880 1604
1032 1604
1072 1604
69 1605
194 1605
526 1605
696 1606
1273 1606
1099 1607
1200 1607
488 1608
1238 1608
1596 1608
68 1609
864 1609
964 1609
1253 1609
927 1610
1136 1610
1540 1610
1202 1611
1253 1611
339 1612
591 1612
694 1612
743 1612
927 1612
955 1612
1101 1612
1114 1612
1117 1612
1128 1612
1133 1612
1280 1612
1324 1612
1553 1612
13 1613
503 1613
542 1613
568 1613
571 1613
589 1614
1427 1614
91 1615
1069 1615
285 1616
488 1617
1238 1617
1596 1617
445 1618
1684 1618
194 1619
445 1619
645 1619
830 1619
1279 1619
1321 1620
318 1621
814 1621
1603 1621
391 1622
524 1623
585 1623
763 1623
824 1623
826 1623
1032 1623
1180 1623
1275 1623
1332 1623
271 1624
271 1625
1624 1625
473 1626
836 1626
1110 1626
128 1627
239 1627
815 1627
1007 1627
1154 1627
642 1628
1114 1628
436 1629
651 1629
1570 1630
1572 1630
526 1631
818 1631
864 1631
1346 1631
643 1632
870 1632
874 1632
391 1633
405 1633
644 1633
737 1633
1165 1634
1399 1634
1558 1634
1598 1634
650 1635
1514 1636
257 1637
958 1637
1284 1637
178 1638
186 1638
255 1638
333 1638
346 1638
927 1638
1178 1638
194 1639
198 1639
346 1639
457 1639
754 1639
787 1639
13 1640
69 1640
101 1640
102 1640
168 1640
293 1640
408 1640
444 1640
463 1640
530 1640
532 1640
657 1640
664 1640
698 1640
758 1640
927 1640
935 1640
941 1640
963 1640
964 1640
970 1640
1045 1640
1213 1640
1283 1640
1363 1640
1469 1640
1644 1640
40 1641
380 1641
583 1641
592 1641
885 1642
956 1642
1321 1643
101 1644
758 1644
963 1644
1032 1645
1145 1645
1440 1646
1523 1646
518 1647
1247 1647
523 1648
1018 1649
434 1650
440 1650
450 1650
587 1650
820 1650
914 1650
1114 1650
1129 1650
1434 1650
353 1651
705 1651
927 1651
1020 1651
1131 1651
617 1652
1114 1652
49 1653
377 1653
450 1653
820 1653
1133 1653
1271 1653
1468 1653
642 1654
1052 1654
1114 1654
1360 1654
1435 1654
43 1655
293 1655
408 1655
1021 1655
1474 1655
1501 1655
650 1656
57 1657
293 1658
441 1658
706 1658
1467 1658
14 1659
18 1659
35 1659
60 1659
111 1659
174 1659
200 1659
204 1659
205 1659
206 1659
234 1659
272 1659
340 1659
525 1659
613 1659
660 1659
819 1659
909 1659
1004 1659
1059 1659
1262 1659
1344 1659
1350 1659
1358 1659
1368 1659
1440 1659
1452 1659
1690 1659
1696 1659
1705 1659
101 1660
237 1660
346 1660
420 1660
450 1660
506 1660
570 1660
687 1660
883 1660
927 1660
1003 1660
1045 1660
1066 1660
1144 1660
43 1661
1392 1661
232 1662
449 1662
481 1662
495 1662
503 1662
698 1662
995 1662
1045 1662
1131 1662
1331 1662
1441 1662
481 1663
698 1663
995 1663
1441 1663
1651 1663
494 1664
983 1664
1510 1664
1337 1665
1423 1665
122 1666
1272 1666
1482 1666
1483 1666
1484 1666
1485 1666
699 1667
897 1667
526 1668
271 1669
964 1670
1240 1670
1281 1670
1363 1670
1427 1670
1467 1670
1469 1670
182 1671
596 1671
616 1671
821 1671
1290 1671
1314 1671
710 1672
1538 1672
35 1673
1196 1673
525 1674
610 1675
699 1675
890 1675
896 1675
1008 1675
1070 1675
610 1676
896 1676
1070 1676
1675 1676
473 1677
1110 1677
1310 1677
252 1678
753 1678
982 1678
1020 1678
1064 1678
1182 1678
1404 1678
1464 1678
494 1679
494 1680
676 1681
1032 1681
1081 1681
1556 1681
1710 1681
271 1682
442 1682
1112 1682
194 1684
347 1684
445 1684
645 1684
830 1684
1279 1684
725 1685
739 1685
755 1685
821 1685
822 1685
870 1685
880 1685
906 1685
1032 1685
1032 1686
1169 1686
1172 1686
1336 1686
1395 1686
1213 1687
303 1688
783 1688
1278 1688
178 1689
186 1689
192 1689
456 1689
909 1689
1338 1689
1438 1689
198 1690
467 1690
612 1690
772 1690
773 1690
774 1690
775 1690
776 1690
777 1690
778 1690
779 1690
780 1690
781 1690
782 1690
783 1690
784 1690
785 1690
1170 1690
1030 1691
1032 1691
1508 1691
198 1692
526 1692
622 1692
821 1692
1000 1692
1043 1692
1216 1692
1339 1692
1340 1692
1341 1692
1399 1692
1558 1692
827 1693
1023 1693
303 1694
526 1694
1278 1694
1279 1694
494 1695
1157 1695
11 1696
35 1696
122 1696
234 1696
252 1696
874 1696
909 1696
1032 1696
1170 1696
1196 1696
496 1697
1026 1697
1193 1697
1386 1697
50 1699
613 1699
680 1699
886 1701
1263 1701
271 1703
50 1704
145 1704
362 1704
1361 1704
909 1705
1032 1705
1196 1705
1339 1705
1340 1705
1341 1705
1367 1705
1368 1705
32 1706
69 1706
496 1706
526 1706
531 1706
588 1706
610 1706
645 1706
796 1706
896 1706
1030 1706
1032 1706
1157 1706
1196 1706
1204 1706
1278 1706
1279 1706
1329 1706
1334 1706
44 1707
339 1707
440 1707
591 1707
743 1707
1138 1707
256 1709
718 1709
1161 1709
1394 1709
632 1710
651 1710
676 1710
880 1710
906 1710
962 1710
1081 1710
1116 1710
1394 1710
1521 1710
1375 1711
1386 1711
1357 1712
252 1713
516 1713
1020 1713
1064 1713
1075 1713
1182 1713
1464 1713
1562 1713
127 1714
258 1714
376 1714
518 1714
577 1714
815 1714
821 1714
874 1714
911 1714
958 1714
959 1714
1007 1714
1284 1714
1329 1714
1441 1715
237 1716
485 1716
496 1716
531 1716
635 1716
894 1716
1032 1716
1069 1716
1278 1716
1383 1716
279 1717
1028 1717
872 1718
47 1720
102 1720
104 1720
613 1720
633 1720
660 1720
699 1720
874 1720
927 1720
1032 1720
1037 1720
1062 1720
651 1721
1037 1721
1180 1721
1196 1721
1372 1721
1519 1721
1521 1721
1523 1721
1528 1721
1531 1721
1212 1722
1466 1722
1574 1722
11 1723
754 1723
1196 1723
1293 1723
1362 1723
1367 1723
1368 1723
1513 1723
983 1724
252 1726
526 1726
610 1726
1000 1726
1339 1726
1380 1726
1397 1726
1540 1726
542 1727
558 1727
1200 1727
1032 1728
1339 1728
1340 1728
1341 1728
1367 1728
1368 1728
1705 1728
589 1729
610 1729
1027 1729
1508 1729
1675 1729
1694 1729
725 1730
739 1730
755 1730
870 1730
880 1730
906 1730
1014 1730
1032 1730
1316 1730
1514 1730
819 1731
1059 1731
591 1733
642 1733
743 1733
950 1733
1300 1734
1371 1735
1372 1735
1532 1735
1543 1735
1688 1735
1702 1735
744 1737
1036 1737
1064 1737
11 1738
18 1738
166 1738
234 1738
524 1739
585 1739
697 1739
1032 1739
1041 1739
1175 1739
1180 1739
205 1742
486 1742
500 1742
877 1742
1003 1742
1392 1742
1565 1742
1566 1742
1591 1742
982 1743
994 1743
1162 1743
1209 1743
1562 1743
150 1744
380 1744
1250 1744
761 1746
32 1747
407 1747
20 1748
36 1748
1091 1748
1 1749
139 1749
984 1749
772 1750
782 1750
1589 1751
1393 1752
1593 1753
256 1755
1110 1755
1004 1756
1210 1757
1440 1757
894 1758
1020 1758
874 1759
739 1760
880 1760
27 1761
219 1761
318 1761
583 1761
1305 1761
1318 1762
899 1763
252 1764
256 1764
473 1764
494 1764
671 1764
696 1764
719 1764
720 1764
721 1764
722 1764
1110 1764
1156 1764
1157 1764
1273 1764
1312 1764
1510 1764
1511 1764
1526 1765
864 1766
303 1767
588 1767
610 1767
1030 1767
1069 1767
1120 1767
1278 1767
1279 1767
1675 1767
1676 1767
1684 1767
1694 1767
11 1768
1368 1768
1440 1768
1513 1768
920 1769
1726 1770
252 1771
1221 1771
1411 1771
473 1773
1156 1773
194 1774
346 1774
354 1774
376 1774
535 1774
731 1774
947 1774
5 1775
104 1775
178 1775
186 1775
192 1775
342 1775
434 1775
450 1775
591 1775
688 1775
702 1775
743 1775
757 1775
965 1775
1101 1775
1434 1775
1469 1775
1472 1775
1475 1775
104 1776
339 1776
450 1776
587 1776
674 1776
816 1776
1101 1776
1117 1776
1138 1776
1360 1776
1468 1776
1553 1776
1650 1776
1441 1777
1568 1777
1715 1777
1110 1778
591 1779
743 1779
950 1779
1134 1779
1539 1780
657 1781
1037 1781
1041 1781
1175 1781
1213 1781
1564 1781
329 1783
473 1783
719 1783
836 1783
680 1784
816 1784
928 1784
1004 1784
27 1785
318 1785
583 1785
1305 1785
1536 1786
499 1787
546 1788
561 1788
589 1788
693 1788
822 1788
964 1788
1127 1788
1136 1788
1137 1788
1290 1788
1477 1788
1528 1788
1562 1788
1563 1788
1564 1788
1684 1788
1685 1788
1692 1788
1695 1788
467 1789
612 1789
772 1789
1336 1789
1403 1789
1245 1790
1557 1790
286 1791
379 1791
642 1791
1712 1791
1539 1792
1539 1793
1792 1793
1038 1795
1337 1795
122 1796
518 1796
618 1796
964 1796
1075 1796
1475 1796
496 1797
589 1797
27 1798
252 1798
613 1798
657 1798
699 1798
753 1798
761 1798
874 1798
1023 1798
1064 1798
1676 1798
104 1799
587 1799
1360 1799
1434 1799
1553 1799
1650 1799
204 1800
205 1800
206 1800
252 1800
964 1800
1122 1800
1350 1800
1452 1800
1456 1800
1475 1800
1114 1801
1346 1801
1439 1801
69 1802
664 1802
1655 1802
441 1803
969 1803
63 1804
124 1804
445 1804
517 1804
705 1804
805 1804
927 1804
1427 1804
150 1805
1004 1805
1747 1805
425 1806
501 1806
577 1806
635 1806
649 1806
752 1806
758 1806
859 1806
911 1806
959 1806
1076 1806
642 1807
950 1807
27 1808
249 1808
1003 1808
1007 1808
3 1809
1482 1809
1483 1809
1484 1809
1485 1809
518 1810
519 1810
1127 1810
1482 1810
1483 1810
1484 1810
258 1811
360 1811
368 1811
480 1811
502 1811
503 1811
558 1811
635 1811
719 1811
738 1811
748 1811
905 1811
987 1811
1032 1811
1033 1811
1205 1811
1206 1811
1833 1812
1587 1813
294 1815
1320 1816
1032 1817
1538 1817
1672 1817
303 1818
526 1818
1030 1818
1508 1818
1694 1818
137 1819
531 1819
870 1819
1292 1819
717 1820
983 1820
1110 1820
256 1821
473 1821
671 1821
718 1821
1110 1821
198 1822
303 1822
496 1822
526 1822
622 1822
1021 1822
1165 1822
1216 1822
1340 1822
1399 1822
1339 1823
494 1824
1157 1824
1310 1824
494 1825
984 1825
1157 1825
494 1826
1310 1826
696 1827
901 1827
204 1828
272 1828
380 1828
583 1828
979 1828
1003 1828
1250 1828
1022 1829
518 1830
664 1830
936 1830
494 1831
1310 1831
258 1832
360 1832
368 1832
480 1832
502 1832
503 1832
558 1832
635 1832
719 1832
738 1832
748 1832
905 1832
987 1832
1032 1832
1033 1832
1205 1832
1206 1832
1736 1832
710 1834
1017 1834
1032 1834
1294 1834
1295 1834
1327 1834
1339 1834
1340 1834
1341 1834
1342 1834
1495 1834
1705 1834
876 1836
1138 1836
1187 1836
1032 1837
27 1838
122 1838
425 1838
521 1838
613 1838
699 1838
754 1838
821 1838
874 1838
1023 1838
1675 1838
1676 1838
1713 1838
256 1839
1110 1839
983 1842
585 1843
870 1843
1005 1843
11 1844
18 1844
35 1844
46 1844
111 1844
200 1844
234 1844
658 1844
700 1844
954 1844
1196 1844
1280 1844
1440 1844
983 1847
1032 1847
1587 1847
1686 1847
725 1848
739 1848
755 1848
870 1848
880 1848
906 1848
988 1848
1730 1848
610 1850
896 1850
1675 1850
1676 1850
1694 1850
516 1851
880 1851
1040 1851
1209 1851
35 1853
234 1853
1196 1853
1587 1853
1591 1853
1623 1853
63 1854
719 1854
1026 1854
1092 1854
1110 1854
1311 1854
1510 1854
1675 1854
1694 1854
1695 1854
1441 1855
1568 1855
1715 1855
1777 1855
377 1856
450 1856
1438 1856
1568 1856
1102 1857
1480 1857
1549 1857
1414 1858
1589 1858
1522 1859
1717 1861
1441 1862
494 1863
1311 1863
303 1864
1675 1864
1676 1864
1818 1864
396 1866
699 1866
1070 1866
1675 1866
554 1868
557 1868
1469 1868
1568 1868
1684 1869
751 1870
897 1870
1717 1870
1386 1872
758 1873
849 1873
911 1873
1157 1873
1311 1873
1510 1873
1709 1873
1133 1874
1439 1874
291 1876
796 1876
1026 1876
1278 1876
1279 1876
1388 1876
1672 1876
1133 1877
198 1878
786 1878
1693 1885
1751 1887
806 1890
1515 1890
1519 1890
1521 1890
1022 1892
1216 1892
1340 1892
1341 1892
1751 1892
1832 1896
1133 1897
396 1898
787 1898
1165 1901
874 1903
1015 1903
1204 1903
1215 1903
1855 1905
1026 1910
1386 1910
1584 1910
1585 1910
1694 1910
725 1911
739 1911
755 1911
870 1911
880 1911
906 1911
988 1911
1032 1911
1730 1911
3 1912
35 1912
198 1912
237 1912
658 1912
1196 1912
1513 1912
496 1913
526 1913
610 1913
645 1913
796 1913
896 1913
997 1913
1204 1913
1278 1913
1279 1913
1386 1913
1706 1913
1692 1914
1822 1914
1379 1915
635 1916
894 1916
1368 1916
1513 1916
1552 1916
1716 1916
35 1918
1362 1918
1368 1918
1473 1918
1513 1918
1552 1918
1723 1918
104 1919
434 1919
486 1919
1004 1919
1032 1920
1026 1921
1386 1921
396 1922
481 1922
498 1922
518 1922
964 1922
1015 1922
1021 1922
1165 1922
1348 1922
1513 1922
1565 1922
1751 1922
526 1923
527 1923
635 1923
911 1923
1173 1923
1318 1923
1675 1923
1676 1923
1798 1923
1026 1925
1386 1925
1543 1925
1751 1925
1921 1925
35 1926
1005 1926
1032 1926
1196 1926
1292 1926
1367 1926
1513 1926
24 1927
92 1927
150 1927
625 1927
1004 1927
1020 1927
1703 1927
1718 1927
13 1928
913 1928
1021 1928
1136 1928
1363 1928
582 1929
1028 1929
1717 1929
1021 1930
1165 1930
664 1931
782 1931
1399 1932
1558 1932
1634 1932
256 1933
983 1933
256 1934
256 1935
329 1935
473 1935
717 1935
718 1935
719 1935
1110 1935
1161 1935
1311 1935
256 1936
1110 1936
474 1937
819 1937
865 1937
1723 1937
1316 1938
1059 1939
530 1940
1256 1940
1416 1940
458 1941
831 1941
883 1941
1609 1941
1649 1941
1678 1941
488 1942
1238 1942
1596 1942
1608 1942
27 1943
318 1943
1761 1943
1518 1944
1337 1945
836 1946
1032 1946
1230 1946
1394 1946
1395 1946
1821 1946
49 1947
104 1947
178 1947
377 1947
1003 1948
1316 1948
1319 1948
1322 1948
1323 1948
1332 1948
1333 1948
1335 1948
1343 1948
150 1949
318 1949
438 1949
614 1949
1258 1949
2007 1950
1848 1951
1911 1951
138 1952
814 1952
328 1953
623 1953
1151 1953
856 1954
1314 1955
1397 1955
145 1956
1769 1956
258 1957
377 1957
450 1957
680 1957
964 1958
995 1958
701 1959
1360 1959
1722 1959
1777 1959
158 1961
651 1961
978 1961
1220 1961
1890 1961
618 1962
1320 1962
1863 1962
1911 1962
1063 1963
1036 1964
1379 1964
1332 1965
1697 1966
256 1967
1110 1967
377 1968
587 1968
702 1968
820 1968
846 1968
858 1968
950 1968
1468 1968
101 1969
293 1969
258 1970
285 1970
377 1970
481 1970
495 1970
498 1970
503 1970
557 1970
1327 1970
1363 1970
1391 1970
1392 1970
1438 1970
1020 1971
1456 1971
1640 1971
1713 1971
1788 1971
1800 1971
1851 1971
303 1972
927 1972
1021 1972
1122 1972
1314 1972
1640 1972
609 1973
827 1973
1075 1973
1693 1973
1725 1973
1215 1974
1399 1974
1558 1974
1598 1974
1634 1974
69 1975
517 1975
754 1975
1021 1975
1030 1975
1278 1975
1655 1975
396 1976
577 1976
912 1976
927 1976
1136 1976
1290 1976
1362 1976
1726 1976
440 1977
591 1977
743 1977
950 1977
1052 1977
1101 1977
1138 1977
1212 1977
1328 1977
1779 1977
1120 1978
1433 1978
1455 1978
1729 1978
950 1979
1114 1979
1134 1979
1571 1979
1733 1979
1779 1979
1855 1979
1038 1980
1152 1980
1337 1980
1423 1980
1271 1981
1328 1981
1435 1981
1468 1981
1977 1981
1271 1982
1328 1982
1468 1982
1977 1982
1148 1983
1588 1983
303 1984
1386 1984
198 1985
481 1985
501 1985
503 1985
535 1985
577 1985
751 1985
815 1985
964 1985
1131 1985
1441 1985
1477 1985
1569 1985
1650 1985
1651 1985
1652 1985
1707 1985
1714 1985
101 1986
467 1986
499 1986
612 1986
664 1986
753 1986
772 1986
773 1986
774 1986
775 1986
776 1986
777 1986
778 1986
779 1986
780 1986
781 1986
782 1986
783 1986
784 1986
785 1986
1064 1986
1127 1986
1469 1986
1601 1986
1640 1986
1708 1986
1453 1987
198 1988
27 1989
420 1989
1255 1989
1422 1989
1514 1990
1798 1991
1822 1991
704 1992
722 1992
1365 1992
1508 1992
1516 1992
1678 1992
150 1993
380 1993
592 1993
1250 1993
1483 1994
1067 1995
1655 1995
1684 1995
1975 1995
293 1996
1363 1996
1474 1996
66 1997
152 1997
318 1997
378 1997
438 1997
560 1997
614 1997
623 1997
634 1997
846 1997
872 1997
979 1997
1250 1997
1258 1997
66 1998
378 1998
438 1998
634 1998
846 1998
1389 1999
473 2000
1156 2000
696 2001
901 2001
482 2002
524 2002
618 2002
689 2002
1162 2002
1550 2002
1594 2002
1666 2002
252 2003
1367 2003
1368 2003
1562 2003
18 2004
340 2004
1038 2005
1337 2005
1613 2006
635 2007
894 2007
1716 2007
252 2008
862 2008
1020 2008
1678 2008
1713 2008
318 2009
814 2009
895 2009
1603 2009
252 2014
874 2014
1592 2014
1696 2014
2013 2014
138 2018
524 2018
632 2018
1032 2018
1197 2018
1319 2018
1686 2018
1710 2018
1713 2018
237 2019
251 2019
252 2019
396 2019
610 2019
699 2019
719 2019
796 2019
897 2019
912 2019
927 2019
1029 2019
1039 2019
1136 2019
1199 2019
1290 2019
1362 2019
1416 2019
1508 2019
1533 2019
1675 2019
1676 2019
1767 2019
1818 2019
1850 2019
1854 2019
542 2020
1218 2021
1221 2021
1227 2021
1228 2021
1230 2021
1234 2021
11 2022
526 2025
818 2025
864 2025
1587 2025
35 2028
494 2028
849 2028
1510 2028
1513 2028
1573 2028
1587 2028
1723 2028
1847 2028
298 2030
445 2030
496 2030
526 2030
596 2030
622 2030
731 2030
751 2030
792 2030
821 2030
1067 2030
1120 2030
1171 2030
1402 2030
1684 2030
1694 2030
1774 2030
1334 2031
232 2032
577 2033
754 2033
862 2033
1007 2033
1120 2033
1281 2033
1508 2033
1767 2033
664 2034
1367 2034
1368 2034
1009 2035
258 2036
1552 2036
1728 2036
14 2037
252 2037
303 2037
1032 2037
1339 2037
1552 2037
1587 2037
1798 2037
1813 2037
1818 2037
1847 2037
1182 2038
1539 2039
1712 2039
1792 2039
577 2040
699 2040
815 2040
1627 2040
1714 2040
1798 2040
1169 2041
234 2042
642 2042
644 2042
658 2042
877 2042
914 2042
927 2042
1056 2042
1105 2042
1330 2042
1462 2042
1467 2042
731 2043
997 2043
1869 2043
558 2044
635 2044
1032 2044
1730 2044
1837 2044
1848 2044
1911 2044
909 2045
1262 2045
1844 2045
1791 2046
1021 2047
487 2048
303 2049
396 2049
1184 2049
1215 2049
1375 2049
1386 2049
1675 2049
1676 2049
1694 2049
1866 2049
252 2050
258 2050
649 2050
911 2050
1032 2050
1687 2050
1848 2050
2030 2051
158 2052
651 2052
978 2052
1207 2052
1208 2052
1681 2052
1685 2052
1961 2052
2061 2052
2062 2052
2063 2052
480 2053
1832 2053
1278 2054
1279 2054
1675 2054
1676 2054
1678 2054
1767 2054
1818 2054
1825 2054
1864 2054
1975 2054
1 2055
20 2055
76 2055
80 2055
189 2055
651 2055
1890 2055
1440 2056
35 2057
1196 2057
1367 2057
1440 2057
1523 2057
1591 2057
1721 2057
1037 2058
1522 2058
651 2059
918 2059
1673 2059
1220 2060
1521 2060
1685 2060
1890 2060
2055 2060
651 2061
51 2062
1683 2062
51 2063
102 2063
651 2063
1518 2063
1519 2063
1520 2063
1541 2063
1542 2063
1549 2063
558 2065
635 2065
1032 2065
1730 2065
1837 2065
1848 2065
1911 2065
498 2066
1651 2067
252 2068
894 2068
1587 2068
1847 2068
1848 2068
1911 2068
495 2069
1441 2069
1568 2069
1662 2069
1715 2069
1777 2069
1159 2076
1513 2076
1102 2089
1480 2089
1549 2089
1857 2089
758 2090
909 2090
1196 2090
1552 2090
1696 2090
1695 2091
1697 2091
13 2092
27 2092
101 2092
271 2092
530 2092
663 2092
864 2092
1751 2092
1225 2093
488 2094
1238 2094
1597 2094
1608 2094
633 2096
27 2098
483 2098
864 2098
993 2098
1003 2098
1085 2098
1518 2098
26 2099
69 2099
503 2099
530 2099
473 2100
1721 2101
2194 2101
1038 2102
1337 2102
441 2103
613 2103
473 2104
696 2104
272 2105
1475 2105
1796 2105
927 2106
1136 2106
1675 2106
1676 2106
1838 2106
219 2107
285 2107
782 2107
1392 2107
1761 2107
1785 2107
1015 2108
1040 2109
1694 2111
35 2112
1362 2112
1368 2112
1513 2112
1840 2112
2028 2112
933 2113
1007 2113
473 2114
1293 2115
1564 2115
1580 2115
1196 2116
1730 2116
35 2117
1513 2117
1227 2118
2021 2118
2063 2118
158 2119
1442 2119
1961 2119
2052 2119
18 2120
111 2120
234 2120
613 2120
909 2120
1059 2120
1196 2120
1280 2120
1314 2120
1368 2120
1440 2120
1696 2120
1721 2120
1757 2120
1844 2120
1853 2120
1916 2120
1323 2121
1704 2121
1853 2121
731 2123
754 2123
821 2123
1007 2124
1278 2124
1467 2124
1477 2124
2113 2124
1474 2125
1655 2125
1877 2125
1978 2125
525 2126
583 2126
592 2126
1359 2126
1452 2126
1800 2126
1828 2126
1971 2126
782 2127
964 2127
1021 2127
1022 2127
1170 2127
1404 2127
1475 2127
1970 2127
1971 2127
258 2128
519 2128
577 2128
826 2128
859 2128
1282 2128
1458 2128
1822 2128
1849 2128
1859 2128
380 2129
583 2129
613 2129
1250 2129
198 2130
1988 2130
1169 2131
494 2132
984 2132
1157 2132
1181 2132
61 2133
341 2133
876 2133
914 2133
969 2133
1102 2133
1346 2133
1472 2133
577 2134
1023 2134
1855 2134
1857 2134
1881 2134
1922 2134
1510 2135
1873 2135
1484 2136
27 2137
101 2137
530 2137
814 2137
919 2137
1021 2137
741 2138
1439 2138
1555 2138
182 2139
249 2139
583 2139
831 2139
883 2139
938 2139
1796 2139
348 2140
445 2140
583 2140
699 2140
831 2140
1392 2140
1403 2140
1475 2140
1684 2140
43 2141
408 2141
1290 2141
1363 2141
1474 2141
1655 2141
1661 2141
128 2142
347 2143
589 2143
622 2143
751 2143
1136 2143
1165 2143
1284 2143
1467 2143
1804 2143
1822 2143
1 2144
27 2144
238 2144
699 2144
752 2144
821 2144
864 2144
964 2144
1284 2144
1032 2145
1587 2145
1679 2145
1818 2145
1847 2145
2037 2145
950 2146
1114 2146
1779 2146
1855 2146
1979 2146
1857 2147
1979 2147
1553 2148
1776 2148
1318 2149
1338 2149
101 2150
594 2150
970 2150
1020 2150
1464 2150
1469 2150
1640 2150
1662 2150
1788 2150
693 2151
782 2151
1969 2151
398 2152
517 2152
537 2152
927 2152
1427 2152
1474 2152
1661 2152
1726 2152
1804 2152
27 2153
106 2153
112 2153
927 2153
933 2153
1469 2153
1480 2153
1972 2153
32 2154
189 2154
251 2154
445 2154
492 2154
496 2154
526 2154
610 2154
649 2154
725 2154
870 2154
892 2154
964 2154
1007 2154
1017 2154
1032 2154
1136 2154
1137 2154
1281 2154
1290 2154
1346 2154
1972 2154
1032 2155
1162 2155
1482 2155
1550 2155
1594 2155
1666 2155
2002 2155
2045 2156
1059 2157
1440 2157
1757 2157
870 2158
1458 2158
1848 2158
531 2159
1312 2159
1717 2159
664 2160
758 2160
927 2160
1640 2160
1644 2160
32 2161
1032 2162
1 2163
27 2163
238 2163
699 2163
752 2163
821 2163
864 2163
964 2163
1284 2163
1672 2164
1817 2164
1920 2164
983 2166
2037 2166
271 2167
607 2167
977 2167
1112 2167
487 2168
867 2168
934 2168
530 2169
537 2169
1021 2169
1022 2169
1032 2170
589 2171
1026 2171
1584 2171
1585 2171
1510 2172
1513 2172
1912 2172
611 2173
622 2173
912 2173
981 2173
1000 2173
1177 2173
1196 2173
1216 2173
1292 2173
1339 2173
1362 2173
1402 2173
1513 2173
1822 2173
1834 2173
1914 2173
473 2174
2000 2174
329 2175
494 2175
523 2175
526 2175
849 2175
1157 2175
1510 2175
1573 2175
1159 2176
1766 2176
252 2177
258 2177
1032 2177
2050 2177
1355 2178
2011 2178
719 2179
849 2179
1695 2179
1032 2181
1156 2181
1510 2181
1834 2181
271 2182
1759 2182
1771 2182
176 2183
660 2183
1238 2183
1269 2183
1515 2184
1518 2184
2221 2184
916 2185
2044 2185
2065 2185
60 2187
613 2187
1096 2187
1238 2187
1596 2187
1608 2187
1840 2187
1196 2188
1513 2188
2091 2189
145 2190
1769 2190
1956 2190
1359 2192
1440 2193
1513 2193
1587 2193
1723 2193
1844 2193
1847 2193
1912 2193
710 2194
1442 2194
1721 2194
894 2195
1043 2195
1475 2195
860 2196
1523 2196
419 2198
821 2198
230 2199
821 2199
822 2199
874 2199
875 2199
894 2199
895 2199
911 2199
1017 2199
1221 2199
1516 2199
2028 2200
1751 2203
1880 2203
252 2204
635 2204
771 2204
822 2204
1014 2204
1550 2204
1730 2204
2050 2204
1920 2206
308 2207
1032 2207
1339 2207
1340 2207
1341 2207
1692 2207
1723 2207
1837 2207
1880 2207
1889 2207
1162 2208
1550 2208
1594 2208
635 2209
649 2209
874 2209
911 2209
1696 2209
1519 2210
1880 2210
1886 2210
590 2212
820 2212
1032 2216
1730 2216
285 2217
518 2217
1513 2217
1865 2217
2028 2217
2034 2217
49 2218
434 2218
486 2218
1874 2218
699 2219
656 2220
1475 2220
1796 2220
1515 2221
758 2222
911 2222
1329 2222
1851 2222
1698 2223
614 2225
377 2226
434 2226
757 2226
858 2226
950 2226
1001 2226
1004 2226
2039 2226
11 2228
18 2228
35 2228
1513 2228
1587 2228
1847 2228
11 2229
18 2229
35 2229
234 2229
1440 2229
1513 2229
1738 2229
1844 2229
1207 2230
1549 2230
1550 2230
1857 2231
2134 2231
2070 2234
1032 2235
1730 2235
1020 2236
1157 2236
1182 2236
1226 2236
1678 2236
467 2237
772 2237
773 2237
774 2237
775 2237
776 2237
777 2237
778 2237
779 2237
780 2237
781 2237
782 2237
783 2237
784 2237
785 2237
1004 2237
1015 2237
1064 2237
1170 2237
1531 2237
1559 2237
1690 2237
1718 2237
1927 2237
2017 2237
2018 2237
635 2239
649 2239
874 2239
911 2239
1329 2239
1356 2239
1923 2239
11 2241
1196 2241
1513 2241
1580 2241
1723 2241
1730 2241
2219 2242
428 2243
543 2243
558 2243
1099 2243
1607 2243
1848 2243
1880 2244
494 2247
1368 2247
1475 2247
1510 2247
377 2248
456 2248
486 2248
635 2248
821 2248
822 2248
962 2248
1032 2248
1685 2248
2036 2248
252 2250
1788 2250
2092 2250
1513 2251
1587 2251
1659 2251
1723 2251
1926 2251
1992 2252
1464 2253
1609 2253
1730 2253
1767 2253
2050 2253
1504 2254
1595 2254
1704 2254
1732 2254
1766 2254
2076 2254
2080 2254
2088 2254
664 2255
772 2255
964 2255
1073 2255
1363 2255
1469 2255
1528 2255
1640 2255
1788 2255
348 2257
445 2257
1392 2257
1475 2257
1684 2257
1456 2259
1655 2259
1975 2259
2125 2259
1014 2262
1788 2262
252 2263
1552 2264
1735 2264
1926 2264
1513 2266
1727 2267
2219 2268
983 2269
1842 2269
2065 2269
635 2271
699 2271
796 2271
822 2271
1590 2271
496 2272
526 2272
564 2272
610 2272
699 2272
751 2272
796 2272
818 2272
927 2272
1278 2272
1281 2272
1684 2272
1706 2272
1876 2272
1914 2272
1230 2273
1233 2273
1374 2273
1534 2273
303 2274
396 2274
496 2274
517 2274
526 2274
699 2274
874 2274
1029 2274
1030 2274
1508 2274
11 2275
1059 2275
1350 2275
1367 2275
1368 2275
1513 2275
2034 2275
1675 2277
633 2278
912 2278
1027 2278
1162 2278
1691 2278
1726 2278
1822 2278
1026 2279
1157 2279
1510 2279
2242 2282
936 2283
1337 2283
1688 2284
271 2285
846 2285
1020 2285
1703 2285
1063 2286
1220 2286
1221 2286
1864 2286
2008 2286
2038 2286
1004 2287
1014 2287
1017 2287
1018 2287
1020 2287
1035 2287
1336 2287
1514 2287
1546 2287
1557 2287
1565 2287
1590 2287
1686 2287
1703 2287
1721 2287
1747 2287
1847 2287
1853 2287
1926 2287
1927 2287
2018 2287
2037 2287
2237 2287
635 2289
822 2289
2214 2289
2215 2289
2248 2289
761 2290
1746 2290
380 2291
583 2291
1250 2291
850 2292
1285 2292
1292 2292
1368 2292
1723 2292
1926 2292
494 2293
795 2293
918 2294
1012 2294
524 2295
1071 2295
2007 2295
494 2296
849 2296
1310 2296
1510 2296
1825 2296
1863 2296
473 2297
256 2298
696 2298
718 2298
968 2298
1110 2298
1273 2298
1820 2298
1316 2299
1938 2299
101 2300
408 2300
419 2300
699 2300
821 2300
964 2300
1073 2300
1074 2300
1075 2300
1085 2300
1475 2300
1486 2300
1640 2300
1713 2300
1796 2300
1022 2301
1829 2301
510 2302
536 2302
918 2302
122 2303
518 2303
519 2303
649 2303
656 2303
664 2303
964 2303
1475 2303
1640 2303
1796 2303
2065 2303
2198 2303
2204 2303
2206 2303
2222 2303
2239 2303
2247 2303
2255 2303
2262 2303
2263 2303
2276 2303
2316 2303
55 2304
927 2305
936 2305
967 2305
1069 2305
1120 2305
1136 2305
1137 2305
1199 2305
1278 2305
1279 2305
1281 2305
1284 2305
1290 2305
1334 2305
1385 2305
1386 2305
1416 2305
1417 2305
1457 2305
1500 2305
1504 2305
1508 2305
1614 2305
1637 2305
1639 2305
1675 2305
1676 2305
1684 2305
1688 2305
1692 2305
1694 2305
1711 2305
1716 2305
1729 2305
1767 2305
1797 2305
1804 2305
1818 2305
1822 2305
1847 2305
1850 2305
1864 2305
1869 2305
1876 2305
1913 2305
1925 2305
1931 2305
1972 2305
1975 2305
1976 2305
1978 2305
1995 2305
2007 2305
2019 2305
2030 2305
2033 2305
2049 2305
2124 2305
2143 2305
2145 2305
2152 2305
2153 2305
2154 2305
2171 2305
2251 2305
2277 2305
2410 2305
1130 2306
1527 2306
1701 2306
1971 2307
2192 2307
1538 2308
1672 2308
2194 2309
1961 2310
2052 2310
122 2311
481 2311
518 2311
519 2311
649 2311
656 2311
964 2311
1475 2311
1796 2311
2065 2311
2198 2311
2206 2311
2222 2311
2239 2311
2248 2311
2250 2311
2262 2311
2263 2311
2276 2311
713 2312
894 2312
1159 2312
1272 2312
1559 2312
2007 2312
2009 2312
1853 2313
2188 2313
2251 2313
473 2314
238 2315
699 2315
704 2315
713 2315
927 2315
1003 2315
1333 2315
1335 2315
516 2316
1073 2316
1074 2316
1075 2316
2109 2316
1869 2317
535 2318
1256 2318
1327 2318
1475 2318
1477 2318
1032 2319
1197 2319
1685 2319
2018 2319
2311 2319
328 2320
380 2320
27 2321
318 2321
1596 2321
2092 2321
1018 2322
1032 2322
1510 2324
2400 2324
27 2325
378 2326
438 2326
1750 2326
699 2327
710 2327
962 2327
983 2327
1116 2327
1368 2327
1464 2327
1640 2327
1721 2327
1848 2327
1911 2327
2018 2327
2044 2327
2065 2327
180 2328
741 2329
1466 2329
1555 2329
1881 2329
2138 2329
178 2330
186 2330
450 2330
1114 2330
1650 2330
1730 2331
2116 2331
822 2332
927 2332
1456 2332
1477 2332
1564 2332
1655 2332
1692 2332
1695 2332
1800 2332
1323 2333
1704 2333
1853 2333
1863 2334
1980 2335
2269 2335
343 2336
614 2336
846 2336
1258 2336
256 2337
717 2337
719 2337
836 2337
933 2338
1007 2338
1463 2338
1972 2338
2113 2338
492 2339
609 2339
610 2339
122 2340
348 2340
535 2340
927 2340
964 2340
1806 2340
234 2341
240 2341
545 2341
635 2341
644 2341
909 2341
1058 2341
1357 2341
1363 2341
1459 2341
1462 2341
1716 2341
699 2342
1855 2342
1227 2343
111 2344
1314 2344
1972 2344
1203 2345
2115 2345
894 2346
895 2346
1588 2346
1640 2346
1659 2346
1788 2346
1800 2346
1971 2346
2009 2346
2126 2346
2127 2346
2223 2346
2253 2346
2255 2346
1114 2347
1571 2347
1612 2347
827 2348
1005 2348
1542 2348
1687 2348
1973 2348
527 2350
1185 2350
1655 2350
1696 2350
1923 2350
1975 2350
2050 2351
2253 2351
1273 2352
102 2353
776 2353
964 2353
1213 2353
1283 2353
1640 2353
1788 2353
1849 2353
494 2354
1874 2354
1016 2355
1023 2355
1032 2355
664 2356
964 2356
1640 2356
2255 2356
303 2357
981 2357
1070 2357
1184 2357
1215 2357
1402 2357
1598 2357
1441 2358
1568 2358
1922 2358
2134 2358
2231 2358
18 2359
111 2359
1059 2359
1440 2359
1659 2359
1757 2359
1844 2359
1916 2359
927 2360
936 2360
1045 2360
1122 2360
1127 2360
1598 2360
44 2361
49 2361
142 2361
178 2361
186 2361
192 2361
339 2361
377 2361
440 2361
450 2361
584 2361
591 2361
820 2361
914 2361
950 2361
962 2361
1101 2361
1114 2361
1128 2361
1133 2361
1138 2361
1212 2361
1271 2361
1280 2361
1434 2361
1435 2361
1468 2361
1472 2361
1650 2361
1733 2361
1776 2361
1779 2361
1904 2361
1907 2361
1977 2361
1979 2361
1981 2361
60 2362
111 2362
348 2362
657 2362
700 2362
805 2362
1320 2362
1440 2362
1857 2363
2146 2363
2147 2363
2231 2363
664 2364
782 2364
2356 2364
664 2365
772 2365
964 2365
1073 2365
2255 2365
1385 2366
1806 2366
1386 2367
2215 2368
293 2369
664 2369
758 2369
1283 2369
1363 2369
1474 2369
1640 2369
1644 2369
1802 2369
1972 2369
1686 2370
1853 2371
2263 2372
1368 2373
1594 2373
1848 2373
1911 2373
2044 2373
2065 2373
2374 2373
1809 2374
2373 2374
2375 2374
874 2375
1078 2375
1594 2375
1911 2375
2003 2375
2044 2375
2065 2375
2130 2375
2199 2375
2374 2375
66 2377
150 2377
152 2377
157 2377
318 2377
328 2377
378 2377
380 2377
438 2377
459 2377
467 2377
592 2377
614 2377
732 2377
846 2377
872 2377
953 2377
976 2377
1095 2377
1258 2377
1744 2377
713 2378
1148 2378
1157 2378
1562 2378
1713 2378
303 2379
494 2379
1369 2379
1767 2379
1825 2379
1826 2379
1831 2379
2083 2379
2171 2379
11 2380
18 2380
35 2380
46 2380
60 2380
111 2380
200 2380
525 2380
613 2380
658 2380
1196 2380
1367 2380
1368 2380
1513 2380
1552 2380
1587 2380
1723 2380
696 2381
1355 2381
340 2383
660 2383
1269 2383
870 2384
1961 2384
699 2386
1453 2386
1482 2386
1483 2386
1484 2386
1485 2386
1022 2387
1032 2388
1848 2388
2044 2388
2064 2389
2256 2389
345 2390
1004 2390
1292 2390
1513 2390
1840 2390
35 2391
1362 2391
1368 2391
1513 2391
1840 2391
2112 2391
2390 2391
252 2394
610 2394
1022 2394
1369 2394
1834 2394
1880 2394
2008 2394
2015 2394
252 2395
772 2395
782 2395
1021 2395
1165 2395
407 2396
1165 2396
1880 2396
1922 2396
2050 2396
2188 2396
1362 2398
1368 2398
252 2399
1510 2400
1692 2400
1695 2400
1825 2400
718 2401
984 2401
1157 2401
252 2403
1015 2403
1022 2403
1510 2403
1932 2403
2143 2403
368 2404
1316 2404
1317 2404
1514 2404
1730 2404
1848 2404
1911 2404
1464 2405
1730 2405
1767 2405
1855 2405
1880 2405
1918 2405
2050 2405
2064 2405
2073 2405
2088 2405
2203 2405
2204 2405
2205 2405
2253 2405
885 2407
1642 2407
1519 2408
1521 2408
1552 2408
1848 2408
1911 2408
1926 2408
2052 2408
27 2409
518 2409
894 2409
1078 2409
2007 2409
445 2410
526 2410
610 2410
1278 2410
1869 2410
1995 2410
11 2412
18 2412
234 2412
613 2412
658 2412
1059 2412
1196 2412
1368 2412
1440 2412
1721 2412
1844 2412
1853 2412
1916 2412
2120 2412
2251 2412
747 2415
749 2415
2041 2415
18 2416
160 2416
200 2416
1059 2416
1440 2416
1659 2416
1337 2417
468 2418
613 2418
761 2418
1344 2418
1354 2418
1723 2418
1847 2418
2065 2418
622 2419
927 2419
1029 2419
1070 2419
1136 2419
1278 2419
1279 2419
1281 2419
1850 2419
1976 2419
2019 2419
1731 2420
2022 2420
1 2421
105 2421
2422 2421
37 2422
2262 2422
2421 2422
1664 2423
1863 2423
1873 2423
2135 2423
754 2425
1914 2425
1074 2426
1750 2426
2194 2426
11 2427
174 2427
340 2427
543 2427
660 2427
1350 2427
1659 2427
2158 2428
2194 2428
234 2429
909 2429
1334 2429
1731 2429
1845 2429
1513 2430
2193 2430
2248 2431
2255 2431
743 2432
876 2432
914 2432
1042 2432
1052 2432
1138 2432
1360 2432
1468 2432
1712 2432
1836 2432
2133 2432
2218 2432
445 2433
884 2433
1018 2433
1721 2433
1584 2434
1585 2434
1586 2434
2143 2434
2017 2435
11 2436
18 2436
35 2436
111 2436
166 2436
234 2436
909 2436
1196 2436
1440 2436
1513 2436
1844 2436
2229 2436
2052 2437
632 2440
2246 2440
2247 2440
2248 2440
2249 2440
485 2441
635 2441
2068 2441
1675 2442
1676 2442
2064 2443
698 2444
1441 2444
635 2445
649 2445
743 2445
911 2445
1977 2445
2044 2445
2065 2445
2239 2445
517 2446
754 2446
1914 2446
1976 2446
2044 2446
2050 2446
2064 2446
2253 2446
2260 2447
57 2448
189 2448
278 2448
624 2448
870 2448
1005 2448
1180 2448
1214 2448
1515 2448
1527 2448
1528 2448
1532 2448
396 2449
981 2449
1020 2449
1282 2449
1675 2449
2050 2449
2111 2449
2143 2449
2145 2449
287 2450
633 2450
1032 2450
1368 2450
1372 2450
1705 2450
1721 2450
2197 2451
1386 2452
1540 2452
1133 2456
485 2457
635 2457
894 2457
1686 2458
2044 2458
2065 2458
35 2459
145 2459
471 2459
1059 2459
1323 2459
1343 2459
1704 2459
2275 2459
874 2460
1017 2460
1032 2460
1848 2460
1911 2460
2199 2460
2215 2460
1114 2462
1979 2462
2146 2462
1837 2464
1848 2464
1856 2464
1957 2464
1970 2464
2044 2464
1876 2465
1984 2465
2272 2465
1 2466
1539 2466
1712 2466
2039 2466
1329 2467
2029 2467
2203 2467
2204 2467
2259 2467
2355 2467
2200 2468
2380 2468
1885 2469
978 2470
1961 2470
2052 2470
2060 2470
1878 2471
11 2472
18 2472
1032 2472
1196 2472
1440 2472
1513 2472
1580 2472
1705 2472
1723 2472
1837 2472
11 2473
1032 2473
1196 2473
1513 2473
1580 2473
1723 2473
1837 2473
761 2474
1232 2475
749 2476
1968 2476
2017 2476
314 2477
498 2477
530 2477
1067 2477
2066 2477
168 2478
293 2478
530 2478
664 2478
1136 2478
1640 2478
1802 2478
35 2479
699 2479
1078 2479
2028 2479
2034 2479
2217 2479
718 2480
1110 2480
470 2481
1848 2482
2044 2482
2065 2482
2065 2483
1703 2484
1412 2485
122 2486
518 2486
519 2486
649 2486
656 2486
964 2486
1475 2486
1796 2486
2198 2486
2206 2486
2222 2486
2239 2486
2247 2486
2262 2486
2263 2486
2276 2486
2316 2486
1021 2487
2066 2487
2092 2487
1729 2488
1978 2488
2125 2488
1926 2489
2037 2489
2065 2489
473 2490
1110 2490
2100 2490
2206 2491
710 2492
1926 2492
2194 2492
2214 2493
2069 2494
110 2495
174 2495
2251 2495
1196 2496
1730 2496
826 2497
1458 2497
1459 2497
1532 2497
2322 2497
1838 2498
1851 2498
496 2499
11 2500
1513 2500
1768 2500
608 2501
849 2501
1368 2501
1510 2501
1546 2501
1822 2501
2002 2501
2003 2501
2105 2501
2296 2501
2479 2501
2580 2501
1386 2502
1767 2502
434 2503
587 2503
1004 2503
2039 2503
2226 2503
186 2504
450 2504
587 2504
883 2504
1202 2504
1393 2504
1650 2504
2017 2504
2377 2504
2435 2504
331 2505
332 2505
434 2505
757 2505
1001 2505
2226 2505
1859 2506
1961 2506
2119 2506
158 2507
2062 2507
2052 2508
2062 2508
35 2509
651 2509
978 2509
1196 2509
1367 2509
1368 2509
1513 2509
1523 2509
1721 2509
1844 2509
1912 2509
1961 2509
2037 2509
2052 2509
2057 2509
2408 2509
43 2510
63 2510
102 2510
111 2510
160 2510
202 2510
205 2510
234 2510
236 2510
237 2510
241 2510
345 2510
347 2510
348 2510
444 2510
471 2510
523 2510
588 2510
589 2510
658 2510
699 2510
821 2510
830 2510
964 2510
1132 2510
1136 2510
1137 2510
1185 2510
1194 2510
1213 2510
1279 2510
1281 2510
1282 2510
1284 2510
1344 2510
1471 2510
1522 2510
1581 2510
1651 2510
1652 2510
1655 2510
1723 2510
1738 2510
1796 2510
1797 2510
1800 2510
1849 2510
1912 2510
1923 2510
1975 2510
2032 2510
2145 2510
2147 2510
2220 2510
2251 2510
2275 2510
2353 2510
2356 2510
128 2511
627 2511
1173 2511
1923 2511
2218 2511
252 2512
543 2512
1200 2512
1221 2512
1727 2512
2050 2512
2199 2512
2223 2512
2243 2512
2267 2512
27 2513
111 2513
234 2513
1587 2513
1696 2513
1723 2513
1853 2513
1912 2513
2251 2513
2065 2514
1484 2515
2262 2515
1911 2516
1718 2517
186 2518
741 2518
1638 2518
2006 2518
2259 2519
495 2520
503 2520
1331 2520
1856 2520
1970 2520
2253 2520
2262 2520
927 2521
1007 2521
1806 2521
2364 2522
2467 2522
252 2523
1475 2523
1516 2523
2223 2524
2276 2524
2047 2525
353 2526
964 2526
1153 2526
1363 2526
1475 2526
1573 2527
577 2529
927 2529
1045 2529
1136 2529
1290 2529
1804 2529
1976 2529
1989 2529
396 2530
981 2530
1678 2530
308 2531
1645 2531
1723 2531
1847 2531
2002 2531
2207 2531
1513 2532
1844 2532
1912 2532
1926 2532
2193 2532
303 2533
610 2533
1278 2533
1279 2533
1675 2533
1676 2533
1767 2533
1804 2533
1824 2533
1850 2533
2253 2533
1399 2534
1584 2534
1363 2535
1474 2535
1644 2535
347 2536
487 2536
589 2536
792 2536
937 2536
967 2536
1136 2536
1467 2536
1924 2537
43 2538
100 2538
495 2538
530 2538
589 2538
927 2538
1136 2538
1137 2538
1474 2538
1639 2538
1660 2538
1684 2538
1797 2538
1978 2538
2049 2538
983 2539
1198 2539
2029 2539
2044 2539
2145 2539
150 2540
377 2540
434 2540
587 2540
688 2540
950 2540
968 2540
1434 2540
1650 2540
1779 2540
1863 2540
1957 2540
1979 2540
2377 2540
408 2541
693 2541
911 2541
1021 2541
1329 2541
1964 2541
2 2542
530 2542
745 2542
1021 2542
1022 2542
1045 2542
1165 2542
1503 2542
1928 2542
2092 2542
2198 2543
2366 2543
874 2544
2543 2544
142 2545
450 2545
950 2545
1434 2545
1468 2545
1779 2545
1977 2545
1979 2545
1857 2546
1979 2546
2089 2546
2144 2546
2147 2546
2363 2546
1069 2547
1070 2547
1385 2547
1388 2547
1540 2547
1640 2547
1872 2547
1876 2547
1921 2547
1925 2547
503 2548
1662 2548
1804 2549
1844 2549
1850 2549
2208 2549
2274 2549
848 2550
1227 2550
1403 2550
2253 2550
293 2551
594 2551
1020 2551
1464 2551
1469 2551
1655 2551
1802 2551
2150 2551
50 2552
145 2552
170 2552
180 2552
420 2552
1133 2552
1427 2552
1569 2552
1671 2552
2089 2552
2361 2552
2540 2552
238 2553
251 2553
927 2553
1021 2553
1963 2553
2013 2553
2151 2553
2346 2553
618 2554
649 2554
730 2554
978 2554
2128 2554
234 2556
769 2556
1323 2556
1334 2556
1343 2556
1666 2556
1678 2556
2155 2556
2373 2556
2374 2556
1005 2558
1032 2558
1458 2558
2322 2558
1813 2559
2037 2559
2145 2559
2116 2560
2177 2560
2253 2560
2262 2560
2311 2560
376 2561
964 2561
1076 2561
1198 2561
1363 2561
1589 2561
2029 2561
2366 2561
1588 2562
131 2563
895 2563
979 2563
1956 2563
805 2564
1427 2564
1804 2564
2177 2564
2250 2564
473 2565
1156 2565
1312 2565
1342 2566
1510 2566
1834 2566
252 2567
753 2567
1032 2567
1063 2567
1064 2567
2050 2567
2177 2567
2250 2567
2253 2567
2263 2567
63 2568
256 2568
1804 2568
2002 2568
2173 2568
2174 2568
2533 2568
611 2569
2083 2569
2072 2570
35 2571
1362 2571
1310 2572
1510 2572
1848 2572
1912 2572
2172 2572
2175 2572
2395 2572
494 2573
1695 2573
1825 2573
2400 2573
271 2574
27 2575
705 2575
821 2575
1806 2575
1851 2576
2276 2576
2311 2576
2296 2577
2615 2577
182 2578
308 2578
415 2578
458 2578
468 2578
583 2578
831 2578
938 2578
1475 2578
1609 2578
2030 2578
2140 2578
1221 2579
2247 2579
2250 2579
2296 2579
1368 2580
1863 2580
2065 2580
2311 2580
2579 2580
1856 2581
1970 2581
1038 2582
1337 2582
1423 2582
1522 2582
1859 2582
1869 2582
1980 2582
1510 2583
2030 2585
927 2586
1436 2586
1694 2586
2031 2586
629 2587
820 2587
1472 2587
1542 2588
1973 2588
978 2589
1005 2589
1018 2589
1032 2589
1659 2589
445 2590
1869 2590
1995 2590
2410 2590
450 2591
545 2591
820 2591
914 2591
35 2592
1196 2592
1591 2592
1705 2592
2241 2592
2264 2592
1979 2593
2127 2593
2147 2593
252 2594
635 2594
649 2594
874 2594
2014 2594
2050 2594
2134 2594
2250 2594
969 2596
1468 2596
101 2597
408 2597
526 2597
530 2597
964 2597
1022 2597
2395 2597
308 2599
1032 2599
1692 2599
1723 2599
2050 2599
1530 2600
1587 2600
2037 2600
2068 2600
2145 2600
1059 2601
2052 2603
2061 2603
2194 2603
2426 2603
203 2604
238 2604
864 2604
1559 2604
577 2605
761 2605
814 2605
815 2605
1412 2605
1678 2605
1685 2605
1714 2605
1728 2605
1774 2605
1798 2605
2009 2605
2040 2605
2253 2605
1357 2606
1459 2606
1539 2606
1716 2606
609 2607
1713 2607
2050 2607
2253 2607
2288 2607
1136 2608
1281 2608
1694 2608
1729 2608
1804 2608
2143 2608
482 2609
2195 2609
1196 2611
1530 2611
2037 2611
2269 2611
1262 2612
2045 2612
2156 2612
2243 2612
523 2613
1573 2613
1723 2613
2175 2613
2200 2613
2380 2613
1588 2615
1983 2615
2440 2615
1101 2616
2153 2617
2154 2617
2217 2618
1355 2619
1764 2619
2188 2621
2413 2621
2417 2622
242 2623
674 2623
751 2623
818 2623
964 2623
1136 2623
1137 2623
1278 2623
1797 2623
2255 2623
2272 2623
1521 2624
2060 2624
2194 2624
2221 2624
1568 2625
501 2626
1171 2626
2215 2626
1196 2627
1723 2627
2241 2627
801 2628
1675 2628
1798 2628
2440 2628
279 2629
582 2629
850 2629
1020 2629
1717 2629
1861 2629
1870 2629
1929 2629
1280 2630
1612 2630
1441 2631
1567 2631
1662 2631
1715 2631
1777 2631
2444 2631
160 2632
166 2632
234 2632
658 2632
1440 2632
1844 2632
1916 2632
2380 2632
2436 2632
2260 2633
2447 2633
487 2634
1334 2634
1587 2634
2037 2634
2048 2634
2068 2634
2145 2634
2188 2634
2251 2634
2416 2634
2471 2634
2600 2634
35 2635
1363 2635
1367 2635
2034 2635
2050 2635
2253 2635
101 2638
252 2638
303 2638
304 2638
530 2638
561 2638
782 2638
981 2638
1015 2638
1021 2638
1022 2638
1165 2638
1584 2638
1634 2638
1922 2638
1972 2638
2151 2638
2202 2638
2395 2638
2396 2638
2403 2638
2255 2639
2389 2639
2638 2639
101 2640
964 2640
1314 2640
1404 2640
1802 2640
2126 2640
2365 2640
859 2641
1346 2641
1715 2641
1880 2641
2069 2641
2128 2641
2134 2641
2231 2641
101 2642
1452 2642
2395 2642
2311 2643
2317 2643
2597 2643
1022 2644
2403 2644
252 2645
664 2645
445 2646
1169 2646
2131 2646
2153 2646
2154 2646
2404 2646
2410 2646
2584 2646
2590 2646
238 2647
252 2647
516 2647
613 2647
633 2647
699 2647
758 2647
1023 2647
1064 2647
1329 2647
1404 2647
1473 2647
1504 2647
1678 2647
1715 2647
1798 2647
1800 2647
1851 2647
2050 2647
2069 2647
2092 2647
2217 2647
2222 2647
2353 2647
2356 2647
2358 2647
2468 2647
2604 2647
753 2648
772 2648
776 2648
781 2648
782 2648
1021 2648
1064 2648
1278 2648
1279 2648
1798 2648
1838 2648
1975 2648
2064 2648
2253 2648
2395 2648
2396 2648
1684 2650
2610 2651
2067 2652
713 2653
1442 2653
2061 2653
2194 2653
2603 2653
2604 2653
2605 2653
1523 2654
1716 2654
1859 2654
2068 2654
2122 2655
2237 2655
1703 2658
2021 2658
2122 2658
2237 2658
2287 2658
1520 2659
2672 2659
406 2660
531 2660
1696 2660
1784 2660
638 2661
648 2661
650 2661
1821 2661
396 2662
1925 2662
496 2663
526 2663
1767 2663
2038 2663
2457 2665
329 2666
473 2666
719 2666
1394 2666
1539 2666
1825 2666
2232 2666
2471 2667
488 2668
1238 2668
1942 2668
253 2669
2028 2669
1744 2670
492 2671
610 2671
796 2671
2250 2672
2074 2673
256 2674
473 2674
718 2674
968 2674
1110 2674
1273 2674
473 2675
718 2675
2197 2676
2215 2677
1878 2678
2197 2679
2303 2680
2368 2680
2522 2680
2599 2680
1911 2681
2003 2681
2375 2681
2283 2682
2786 2683
1542 2684
2063 2684
2264 2684
2659 2684
35 2685
1368 2685
2531 2685
1310 2686
718 2687
968 2687
1110 2687
1311 2687
1863 2687
1350 2689
1931 2689
1311 2690
1007 2691
1467 2691
27 2692
200 2692
475 2692
771 2692
1032 2692
1197 2692
2018 2692
2311 2692
2319 2692
1275 2693
1332 2693
1458 2693
2322 2693
2497 2693
2558 2693
2049 2694
2 2695
525 2696
1078 2697
2105 2697
2255 2697
2300 2697
2319 2697
613 2698
1162 2698
1550 2698
473 2699
718 2699
1394 2699
1414 2700
1642 2700
2123 2700
2127 2700
2216 2700
329 2701
496 2701
1110 2701
1311 2701
473 2702
1110 2702
2100 2702
1368 2703
1513 2703
1768 2703
1840 2704
2390 2704
588 2705
2113 2705
285 2706
1856 2706
1970 2706
2044 2706
2065 2706
2216 2706
2358 2706
1869 2707
2410 2707
2538 2707
1840 2708
1961 2708
2509 2708
2073 2709
380 2710
438 2710
592 2710
614 2710
846 2710
2061 2711
761 2712
1202 2713
2067 2714
419 2715
821 2715
2195 2715
2204 2715
2214 2715
2259 2715
2300 2715
2467 2715
2541 2715
995 2716
1663 2716
2548 2716
1569 2717
2330 2717
964 2718
1021 2718
1165 2718
1278 2718
1279 2718
1404 2718
1637 2718
1655 2718
1802 2718
1975 2718
2092 2718
518 2719
1078 2719
1851 2719
2105 2719
2255 2719
2300 2719
2312 2719
2319 2719
2409 2719
35 2720
918 2720
1367 2720
1368 2720
1523 2720
1528 2720
1548 2720
1587 2720
1848 2720
1853 2720
2044 2720
2262 2721
2520 2721
1362 2722
1368 2722
2311 2722
2501 2722
2580 2722
256 2723
1110 2723
62 2724
151 2724
163 2724
1124 2724
198 2725
346 2725
588 2725
589 2725
815 2725
1774 2725
293 2726
758 2726
1283 2726
1363 2726
1640 2726
1972 2726
2369 2726
2535 2726
252 2727
303 2727
531 2727
610 2727
796 2727
896 2727
1278 2727
1675 2727
1694 2727
1788 2727
2203 2727
2246 2727
2247 2727
2250 2727
2405 2727
2533 2727
496 2728
526 2728
1136 2728
43 2729
303 2729
805 2729
1069 2729
1070 2729
1268 2729
1427 2729
1900 2729
2152 2729
625 2730
927 2730
964 2730
1165 2730
1427 2730
1640 2730
1386 2731
1767 2731
2439 2731
2590 2731
1800 2732
2346 2732
2538 2732
2640 2732
308 2733
1473 2733
2062 2733
2332 2733
2416 2733
445 2734
526 2734
1067 2734
1278 2734
1279 2734
1684 2734
1869 2734
2410 2734
635 2735
649 2735
911 2735
2445 2735
2647 2735
105 2736
484 2736
860 2736
1473 2736
1659 2736
1875 2736
1978 2737
2259 2737
1007 2738
2318 2738
496 2739
588 2739
1067 2739
2410 2739
2650 2739
2734 2739
496 2740
526 2740
700 2740
1278 2740
1279 2740
610 2741
896 2741
1069 2741
1070 2741
1384 2741
1385 2741
1386 2741
1540 2741
1585 2741
1697 2741
1872 2741
2349 2741
2357 2741
2442 2741
2443 2741
2449 2741
2534 2741
2547 2741
498 2742
698 2742
699 2742
816 2742
1707 2742
1922 2742
1970 2742
2067 2742
2154 2742
2344 2742
630 2743
1400 2743
2057 2743
499 2744
1032 2744
1074 2744
1834 2744
1848 2744
2413 2745
2621 2745
2656 2746
2747 2746
2084 2747
2235 2747
2579 2747
2607 2747
1226 2748
1989 2748
2013 2748
2014 2748
2080 2748
2192 2748
2217 2748
2255 2748
793 2749
1169 2749
1405 2749
398 2750
583 2750
1007 2750
1256 2750
1637 2750
1931 2750
1940 2750
1970 2750
2318 2750
2487 2750
66 2751
438 2751
560 2751
829 2751
846 2751
872 2751
976 2751
1151 2751
1258 2751
2377 2751
2253 2752
2417 2753
252 2755
303 2755
1032 2755
1110 2755
1278 2755
2727 2755
473 2756
2627 2756
473 2757
1110 2757
1231 2757
1273 2757
1936 2757
1946 2757
1912 2758
2129 2758
2180 2758
2566 2758
1821 2759
2085 2759
2132 2759
1834 2760
178 2761
186 2761
192 2761
2616 2761
523 2762
1573 2762
1723 2762
2132 2762
2172 2762
2175 2762
2613 2762
473 2763
1110 2763
2531 2763
2298 2764
2419 2764
256 2765
1934 2765
1110 2766
2084 2766
3 2767
1482 2767
1483 2767
1484 2767
1485 2767
1486 2767
1666 2767
1809 2767
1911 2767
2065 2767
2373 2767
2375 2767
1368 2768
1666 2768
1911 2768
2373 2768
2374 2768
27 2769
252 2769
927 2769
1021 2769
1075 2769
1485 2769
1666 2769
2250 2769
2255 2769
2373 2769
2375 2769
1483 2770
1565 2770
1666 2770
1987 2770
252 2771
664 2771
1016 2771
1021 2771
1032 2771
1074 2771
1546 2771
1822 2771
2311 2771
2501 2771
2579 2771
2580 2771
2262 2772
1744 2773
1568 2775
1374 2776
1854 2776
1441 2777
2444 2777
2631 2777
557 2778
1059 2778
105 2779
522 2779
641 2779
1568 2779
821 2780
1064 2780
1475 2780
2134 2780
2195 2780
2231 2780
2253 2780
2254 2780
2289 2780
965 2782
49 2783
1116 2783
1133 2783
1338 2783
2456 2783
981 2785
1063 2785
1510 2785
2151 2785
2357 2785
2394 2785
2396 2785
2403 2785
2443 2785
2597 2785
2638 2785
2639 2785
2640 2785
2641 2785
2642 2785
2643 2785
2644 2785
2645 2785
2646 2785
2647 2785
2649 2785
2650 2785
1293 2786
1721 2786
1912 2786
1918 2786
706 2787
1020 2787
1282 2787
1313 2787
1404 2787
1541 2787
1575 2787
1678 2787
1713 2787
2127 2787
2216 2787
2223 2787
2236 2787
2449 2787
2524 2787
2598 2787
1386 2788
1697 2788
2452 2788
1386 2789
1684 2789
198 2792
1692 2792
1837 2792
2023 2792
2033 2792
2043 2792
2207 2792
2208 2792
2395 2792
2410 2792
2564 2792
710 2793
2158 2793
2322 2793
1032 2794
1316 2794
1336 2794
1475 2794
1686 2794
1847 2794
2370 2794
2458 2794
719 2795
1110 2795
1711 2796
1032 2797
1102 2797
1278 2797
1688 2797
2271 2797
2410 2797
2590 2797
2706 2797
1513 2798
1523 2798
1721 2798
1961 2798
2509 2798
181 2799
308 2799
468 2799
707 2799
938 2799
963 2799
2139 2799
2395 2799
2458 2799
588 2800
862 2800
1020 2800
1032 2800
1940 2800
2008 2800
2050 2800
2145 2800
2449 2800
169 2802
198 2802
582 2802
821 2802
1198 2802
1255 2802
1441 2802
1589 2802
1655 2802
1685 2802
1970 2802
2519 2802
2539 2802
927 2803
2538 2803
496 2804
1913 2804
101 2805
408 2805
530 2805
964 2805
1021 2805
2597 2805
351 2807
883 2807
1227 2807
2176 2807
377 2808
450 2808
587 2808
883 2808
1202 2808
1393 2808
1650 2808
1784 2808
2017 2808
2377 2808
2435 2808
2504 2808
2540 2808
1020 2809
1678 2809
1713 2809
1838 2809
2033 2809
2129 2809
2236 2809
2253 2809
2145 2810
2559 2810
2600 2810
1528 2811
2194 2811
2221 2811
2303 2811
2346 2811
2428 2811
2460 2811
2609 2811
2653 2811
252 2812
613 2812
635 2812
644 2812
1190 2812
1462 2812
1539 2812
1716 2812
2007 2812
2050 2812
2341 2812
2594 2812
252 2813
964 2813
1003 2813
1834 2813
2250 2813
2253 2813
2255 2813
2288 2813
2564 2813
2639 2813
2643 2813
2744 2813
727 2815
2246 2815
2418 2815
2420 2815
2427 2815
2429 2815
2436 2815
2599 2815
2614 2815
1032 2816
1196 2816
1552 2816
1580 2816
1847 2816
1856 2816
1970 2816
1005 2817
1420 2817
1542 2817
1849 2817
2348 2817
2588 2817
1849 2818
2598 2818
2042 2819
485 2820
635 2820
911 2820
1032 2820
1539 2820
1825 2820
2007 2820
2044 2820
2404 2820
2445 2820
2457 2820
2606 2820
2666 2820
434 2821
587 2821
1556 2821
1566 2821
2017 2821
2218 2821
2435 2821
1032 2822
1705 2822
2363 2822
2263 2823
2425 2823
2442 2823
2564 2823
2617 2823
2618 2823
2128 2824
635 2877
2007 2877
2457 2877
2606 2877
2666 2877
2820 2877
251 2878
849 2878
1311 2878
2000 2878
2203 2878
2239 2878
2262 2878
2289 2878
2583 2878
1169 2879
2036 2879
2041 2879
2044 2879
2200 2879
2213 2879
2258 2879
2260 2879
2413 2879
2415 2879
498 2880
530 2880
656 2880
1023 2880
1226 2880
1318 2880
2220 2880
2288 2880
2395 2880
1513 2882
1723 2882
1818 2882
1853 2882
1916 2882
2241 2882
1196 2884
1344 2884
1368 2884
1912 2884
2251 2884
2468 2884
2532 2884
542 2886
793 2886
2218 2886
1196 2888
1282 2888
1514 2888
1527 2888
1528 2888
1721 2888
1911 2888
1978 2888
2044 2888
2052 2888
2055 2888
2255 2888
2404 2888
2428 2888
2433 2888
2458 2888
1742 2889
1796 2889
2243 2889
2262 2889
2267 2889
2433 2889
2439 2889
2598 2890
1482 2891
2417 2892
2519 2892
396 2893
517 2893
1508 2893
2274 2893
2362 2893
1032 2894
2596 2894
2069 2895
2494 2895
1032 2896
1278 2896
1688 2896
2410 2896
2590 2896
2706 2896
2797 2896
1367 2897
1961 2897
1973 2897
2128 2897
2348 2897
2507 2897
2599 2897
517 2898
1513 2898
1975 2898
2380 2898
2583 2898
2355 2899
2259 2900
2355 2900
1878 2901
2471 2902
1372 2903
1546 2903
1688 2903
2199 2903
2275 2903
2409 2903
2459 2903
2501 2903
2564 2903
499 2904
1037 2904
1973 2905
2531 2905
1038 2906
1423 2906
1869 2906
1980 2906
1856 2907
1970 2907
2130 2907
2262 2907
2303 2907
2311 2907
2520 2907
610 2908
911 2908
1032 2908
1278 2908
2050 2908
2533 2908
2727 2908
2896 2908
911 2910
1279 2910
1329 2910
1975 2910
2209 2910
2350 2910
2594 2910
1874 2911
448 2912
1468 2912
1568 2912
2596 2912
308 2913
1032 2913
1692 2913
1723 2913
2204 2913
2458 2913
2522 2913
2531 2913
2600 2913
2643 2913
2794 2913
1196 2914
1368 2914
1723 2914
1912 2914
2251 2914
2266 2914
2380 2914
2468 2914
2532 2914
2571 2914
2884 2914
1349 2915
1764 2915
1826 2915
2596 2916
308 2917
613 2917
677 2917
699 2917
752 2917
753 2917
1035 2917
1075 2917
1392 2917
1796 2917
1851 2917
2105 2917
2129 2917
2316 2917
2374 2917
271 2918
1112 2918
1386 2919
303 2920
496 2920
1386 2920
1540 2920
1921 2920
2452 2920
2607 2921
1196 2922
1367 2922
1513 2922
2044 2923
2065 2923
2489 2923
1272 2924
1475 2924
2262 2924
2316 2924
2515 2924
157 2925
1759 2925
2564 2925
2639 2925
2813 2925
2592 2926
1521 2927
481 2928
2451 2929
1076 2930
1198 2930
1589 2930
2312 2930
2366 2930
771 2931
1032 2931
1197 2931
1853 2932
252 2933
635 2933
649 2933
796 2933
822 2933
874 2933
911 2933
1696 2933
2050 2933
2090 2933
2250 2933
2445 2933
2594 2933
2907 2933
1275 2934
1332 2934
2010 2934
2322 2934
2497 2934
2693 2934
35 2935
1853 2935
1796 2936
2130 2936
2263 2936
2300 2936
2303 2936
2311 2936
2486 2936
2576 2936
2715 2936
328 2937
438 2937
846 2937
883 2937
953 2937
1258 2937
2377 2937
2 2938
624 2938
1518 2938
1532 2938
2351 2938
2715 2938
2311 2939
2605 2939
271 2940
418 2940
442 2940
1678 2941
1713 2941
2180 2941
2125 2942
2467 2942
2726 2942
2063 2943
2118 2943
2509 2943
2563 2943
1542 2944
18 2946
176 2946
340 2946
660 2946
1269 2946
1659 2946
18 2947
176 2947
340 2947
1269 2947
2946 2947
1771 2948
2563 2948
2660 2948
664 2949
782 2949
1021 2949
1045 2949
60 2951
1136 2953
2125 2953
2259 2953
2355 2953
2467 2953
2522 2953
2538 2953
792 2954
933 2954
2538 2954
43 2955
101 2955
664 2955
891 2955
964 2955
1314 2955
1404 2955
1802 2955
2192 2955
2346 2955
2638 2955
526 2956
1137 2956
1797 2956
102 2957
444 2957
524 2957
585 2957
710 2957
1464 2957
1739 2957
2327 2957
2643 2957
2720 2957
870 2958
1207 2958
1392 2959
438 2960
872 2960
1 2961
203 2961
238 2961
293 2961
408 2961
664 2961
699 2961
964 2961
1475 2961
1640 2961
1788 2961
1800 2961
1941 2961
2203 2961
2246 2961
2247 2961
2250 2961
2253 2961
2255 2961
2405 2961
2486 2961
2605 2961
1674 2962
1731 2962
2614 2962
1659 2963
1705 2963
1828 2963
2134 2963
2146 2963
2231 2963
2363 2963
2538 2963
2615 2963
1441 2964
1777 2964
1868 2964
2396 2964
2494 2964
526 2965
949 2965
1278 2965
1975 2965
408 2966
1003 2966
1685 2966
2318 2966
2541 2966
348 2968
805 2968
964 2968
1122 2968
1185 2968
1427 2968
2729 2968
2730 2968
27 2969
782 2969
2092 2969
2113 2969
2151 2969
2369 2969
2542 2969
2638 2969
1441 2970
1715 2970
2144 2970
293 2971
758 2971
1363 2971
2369 2971
105 2972
995 2972
1441 2972
1568 2972
1651 2972
1715 2972
2069 2972
2134 2972
2147 2972
2231 2972
2548 2972
2742 2972
1198 2973
2802 2973
2818 2973
445 2974
1684 2974
964 2976
1281 2976
2467 2976
2522 2976
2640 2976
1007 2977
1162 2977
1482 2977
1484 2977
1487 2977
1666 2977
2002 2977
2155 2977
2373 2977
2375 2977
2240 2978
801 2979
958 2980
2018 2980
2523 2980
256 2983
2480 2983
161 2985
2253 2986
2533 2986
2727 2986
1156 2987
1513 2987
1825 2987
2380 2987
2400 2987
2564 2987
2898 2987
964 2988
1510 2988
1912 2988
2188 2988
2996 2988
2050 2989
2253 2989
1344 2990
1513 2990
1587 2990
1723 2990
2187 2990
2188 2990
2251 2990
2380 2990
1156 2991
1177 2991
1587 2991
1847 2991
2172 2991
2175 2991
2193 2991
2198 2991
2251 2991
2430 2991
2403 2992
2475 2992
256 2993
2646 2993
2028 2994
2188 2994
2475 2994
2669 2994
1558 2995
494 2996
849 2996
1157 2996
1695 2996
1825 2996
1863 2996
2413 2996
2621 2996
2072 2997
2082 2997
2206 2998
2768 2998
516 2999
874 2999
1073 2999
1074 2999
2316 2999
2389 3000
2950 3000
2643 3001
2813 3001
2289 3002
2364 3002
2395 3002
2431 3002
2645 3002
2550 3003
2416 3004
2461 3004
2823 3004
503 3005
995 3005
1928 3005
347 3006
830 3006
927 3006
1132 3006
1279 3006
1281 3006
1284 3006
1467 3006
2143 3006
2900 3007
473 3008
1110 3008
1394 3008
2661 3008
2644 3009
2457 3010
293 3011
927 3011
1136 3011
1137 3011
2032 3011
2113 3011
1015 3013
1922 3013
2143 3013
2403 3013
2662 3013
1468 3014
1612 3014
1776 3014
1855 3014
1977 3014
1979 3014
1572 3015
745 3016
1577 3016
949 3017
2347 3017
1063 3018
2638 3018
2645 3018
1000 3019
2173 3019
2644 3019
2646 3019
2816 3019
2755 3020
2795 3020
2905 3020
849 3021
1157 3021
1510 3021
2296 3021
2400 3021
2583 3021
252 3022
649 3022
1032 3022
1356 3022
1368 3022
1659 3022
1728 3022
2003 3022
2034 3022
2050 3022
2253 3022
2468 3022
1568 3023
1715 3023
1868 3023
2050 3023
2069 3023
2253 3023
2747 3023
59 3024
288 3024
699 3024
1063 3024
2050 3024
2567 3024
1282 3025
1796 3025
2824 3025
494 3026
849 3026
984 3026
1110 3026
1510 3026
1695 3026
1825 3026
2172 3026
2175 3026
2296 3026
2583 3026
2757 3026
649 3027
1515 3027
1518 3027
1519 3027
1528 3027
2062 3027
2063 3027
2147 3027
2366 3027
2440 3027
278 3031
918 3031
2210 3031
2402 3031
21 3032
143 3032
256 3032
473 3032
576 3032
718 3032
762 3032
1041 3032
1231 3032
1374 3032
1394 3032
1695 3032
1697 3032
1709 3032
1783 3032
1818 3032
1873 3032
2068 3032
2145 3032
2232 3032
2423 3032
2600 3032
2019 3035
178 3036
186 3036
192 3036
1569 3036
2198 3036
710 3037
1014 3037
1829 3037
2913 3037
2198 3038
2199 3038
2520 3038
2553 3038
2793 3038
2797 3038
2802 3038
35 3039
198 3039
1196 3039
1367 3039
1440 3039
1548 3039
1587 3039
1659 3039
1705 3039
1723 3039
1847 3039
1853 3039
1926 3039
2034 3039
2057 3039
2207 3039
2241 3039
2251 3039
2275 3039
2380 3039
2473 3039
2763 3039
2062 3040
2507 3040
2508 3040
518 3041
606 3041
635 3041
699 3041
1539 3041
1716 3041
2007 3041
2273 3041
2666 3041
2820 3041
2260 3042
2633 3042
2425 3045
2618 3045
2823 3045
3004 3045
253 3046
848 3046
1766 3046
2176 3046
2807 3046
635 3048
1032 3048
1196 3048
1970 3048
2216 3048
2473 3048
2900 3048
849 3049
1695 3049
2621 3049
1278 3050
1279 3050
1281 3050
1696 3050
1723 3050
2584 3050
1096 3051
2355 3051
2706 3051
3052 3051
3051 3052
3040 3054
554 3056
557 3056
1438 3056
1441 3056
1868 3056
1970 3056
1513 3058
1853 3058
2057 3058
2275 3058
2408 3058
2200 3060
445 3061
2433 3061
122 3063
1020 3063
1594 3063
1688 3063
1728 3063
2008 3063
2037 3063
2044 3063
2203 3063
2204 3063
2208 3063
2248 3063
2303 3063
2787 3063
451 3064
527 3064
830 3064
2266 3064
2461 3064
2638 3064
1840 3065
2216 3065
2390 3065
2449 3065
2787 3065
2900 3065
718 3066
1821 3066
1863 3066
1334 3067
1723 3067
2188 3067
2532 3067
849 3068
964 3068
1695 3068
1863 3068
2639 3068
145 3069
471 3069
658 3069
1475 3069
1769 3069
2251 3069
2380 3069
2563 3069
2660 3069
3063 3069
35 3070
1196 3070
1339 3070
1367 3070
1513 3070
1587 3070
1591 3070
1723 3070
2057 3070
2188 3070
2380 3070
2390 3070
2430 3070
2532 3070
969 3071
1187 3071
1212 3071
1707 3071
1712 3071
1836 3071
1977 3071
2432 3071
240 3072
482 3072
558 3072
635 3072
725 3072
739 3072
870 3072
880 3072
906 3072
1032 3072
1340 3072
1579 3072
1848 3072
2036 3072
2044 3072
2065 3072
2216 3072
2235 3072
2370 3072
2404 3072
2577 3072
2744 3072
874 3074
2445 3074
2611 3074
2612 3074
2665 3074
2775 3074
57 3076
499 3076
635 3076
983 3076
1190 3076
1294 3076
1459 3076
1462 3076
1539 3076
2007 3076
2341 3076
2606 3076
2812 3076
2820 3076
1030 3077
1157 3077
1334 3077
1359 3077
1675 3077
1706 3077
1788 3077
1798 3077
1838 3077
1913 3077
1975 3077
1976 3077
2044 3077
2496 3077
2628 3077
2221 3078
2653 3078
2797 3078
2799 3078
2811 3078
2896 3078
2905 3078
1568 3079
2775 3079
3048 3080
916 3081
1066 3081
1290 3081
1579 3081
1976 3081
2089 3081
2115 3081
2147 3081
2185 3081
2366 3081
2370 3081
2531 3081
2539 3081
2552 3081
1018 3082
1477 3082
1518 3082
1565 3082
2139 3082
2578 3082
2599 3082
473 3083
2180 3083
696 3084
901 3084
2001 3084
