2 1
4 3
6 5
8 7
10 9
12 11
14 13
16 15
18 17
3 19
21 20
5 22
7 23
25 24
25 26
1 27
3 28
18 29
31 30
13 32
15 33
35 34
11 36
13 37
39 38
31 40
25 41
7 42
5 43
3 44
1 45
47 46
25 48
15 49
13 50
11 51
9 52
54 53
56 55
58 57
60 59
62 61
64 63
66 65
68 67
70 69
18 71
19 71
3 72
17 72
21 73
22 73
5 74
20 74
7 75
24 75
25 76
23 76
31 77
32 77
13 78
30 78
15 79
34 79
35 80
33 80
40 81
13 81
82 35
25 35
84 83
85 83
84 64
86 64
84 66
87 66
84 88
89 88
91 90
92 90
25 93
94 93
83 95
96 95
98 97
99 97
88 100
101 100
29 102
1 102
28 102
71 4
72 4
75 8
76 8
104 103
28 103
26 103
106 105
9 105
36 105
106 107
11 107
79 16
80 16
31 108
37 108
36 108
57 109
61 109
55 110
59 110
65 111
69 111
63 112
67 112
114 113
115 113
113 116
100 116
102 2
117 2
103 117
1 117
7 104
5 104
7 21
25 21
105 10
118 10
107 12
38 12
108 118
9 118
15 31
35 31
40 106
13 106
46 119
43 119
42 47
25 47
53 120
50 120
49 54
25 54
109 114
110 114
121 114
111 115
112 115
122 115
73 6
74 6
104 82
27 82
28 82
104 18
26 18
77 14
78 14
36 39
81 39
41 91
42 91
43 56
47 56
44 58
119 58
3 98
119 98
45 98
1 84
5 84
3 84
7 84
48 85
49 85
50 86
54 86
51 87
120 87
11 89
120 89
52 89
90 121
93 121
95 122
97 122
