3 4
6 6
11 6
14 6
8 9
357 15
17 18
19 20
20 20
21 20
22 20
23 20
1 24
17 24
18 24
49 24
73 24
76 24
85 24
117 24
144 24
152 24
153 24
165 24
172 24
177 24
203 24
218 24
243 24
286 24
358 24
25 30
26 30
27 30
28 30
29 30
30 30
58 30
39 40
42 43
43 43
47 46
48 46
49 49
50 49
51 53
52 53
54 55
57 56
129 56
365 59
369 59
64 64
65 64
93 64
103 64
196 64
265 64
341 64
356 64
382 64
407 64
5 66
13 66
16 66
19 66
20 66
21 66
22 66
23 66
56 66
57 66
60 66
63 66
66 66
72 66
83 66
85 66
86 66
87 66
95 66
96 66
112 66
118 66
129 66
136 66
144 66
150 66
151 66
154 66
155 66
157 66
166 66
167 66
169 66
172 66
173 66
174 66
176 66
177 66
180 66
182 66
210 66
217 66
233 66
234 66
235 66
237 66
238 66
239 66
241 66
246 66
247 66
256 66
271 66
272 66
288 66
290 66
309 66
313 66
319 66
337 66
339 66
346 66
352 66
362 66
363 66
370 66
374 66
383 66
388 66
389 66
391 66
415 66
417 66
67 68
68 68
186 69
193 69
74 74
75 74
77 77
78 77
79 77
80 77
81 77
369 77
87 82
287 82
288 82
309 82
346 82
383 82
389 82
87 88
288 88
383 88
284 90
346 90
94 94
95 94
96 97
109 109
291 111
292 111
291 113
114 114
115 114
401 114
402 114
116 119
117 119
118 119
204 119
396 119
122 123
123 123
120 127
198 127
201 127
131 136
132 136
135 136
137 136
140 136
141 136
142 136
132 137
133 137
134 137
135 137
137 137
138 137
139 137
140 137
141 137
142 137
265 137
368 137
382 137
5 143
16 143
24 143
44 143
56 143
73 143
76 143
86 143
89 143
121 143
143 143
144 143
146 143
172 143
201 143
203 143
273 143
274 143
277 143
281 143
286 143
352 143
370 143
1 148
7 148
147 148
203 148
310 148
319 148
327 148
150 151
151 151
60 154
110 154
123 154
124 154
125 154
126 154
128 154
154 154
358 154
375 154
155 156
157 156
157 157
256 157
159 158
160 160
162 160
162 161
165 164
169 169
171 169
268 169
172 175
173 175
174 175
176 175
108 181
180 181
182 181
187 188
188 188
1 190
57 190
58 190
92 190
107 190
144 190
165 190
171 190
190 190
191 190
198 190
201 190
273 190
274 190
286 190
291 190
292 190
293 190
296 190
315 190
358 190
370 190
192 192
56 193
136 193
137 193
193 193
279 193
295 193
333 193
366 193
198 197
423 199
1 204
5 204
205 205
206 208
208 208
213 214
217 216
219 220
223 223
308 223
334 223
335 223
348 223
364 223
367 223
394 223
397 223
398 223
399 223
400 223
162 228
178 228
207 228
212 228
224 228
225 228
228 228
232 228
291 228
292 228
294 228
295 228
351 228
353 228
366 228
229 230
230 230
370 230
234 234
239 234
233 238
235 238
236 238
237 238
240 238
145 242
153 242
242 242
278 242
358 242
424 242
246 247
247 247
248 252
249 252
250 252
252 252
253 252
179 253
248 253
251 253
253 253
257 258
238 259
241 259
318 259
319 259
260 260
261 262
266 266
163 268
268 268
326 268
269 270
307 270
168 271
241 271
271 271
272 271
7 275
56 275
86 275
89 275
121 275
144 275
146 275
273 275
274 275
281 275
285 275
286 275
376 275
279 280
5 283
7 283
13 283
14 283
18 283
64 283
92 283
149 283
211 283
276 283
279 283
295 283
297 283
313 283
67 293
68 293
118 293
136 293
291 293
292 293
10 299
92 299
183 299
211 299
299 299
300 300
303 305
304 305
305 305
306 305
317 305
315 316
62 325
71 325
162 325
170 325
179 325
185 325
314 325
320 325
321 325
322 325
323 325
324 325
325 325
328 325
329 325
361 325
412 325
326 326
330 331
149 332
332 332
404 332
337 338
338 338
339 338
41 340
153 340
155 340
209 340
242 340
244 340
278 340
358 340
410 340
411 340
413 340
424 340
342 343
343 343
70 345
84 345
98 345
99 345
100 345
101 345
102 345
103 345
104 345
105 345
106 345
130 345
196 345
215 345
227 345
245 345
282 345
298 345
336 345
344 345
345 345
346 345
356 345
395 345
407 345
61 346
91 346
184 346
189 346
194 346
195 346
202 346
226 346
263 346
264 346
46 347
85 347
120 347
127 347
169 347
171 347
197 347
200 347
268 347
289 347
315 347
350 347
423 347
349 350
359 359
360 359
2 360
145 360
153 360
278 360
358 360
360 360
424 360
363 363
370 370
370 371
376 377
377 377
378 379
36 381
37 381
267 381
380 381
381 381
34 386
35 386
37 386
38 386
267 386
384 386
385 386
386 386
391 390
393 392
393 402
402 402
405 406
408 409
409 409
7 414
12 414
13 414
31 414
32 414
33 414
45 414
221 414
222 414
231 414
254 414
255 414
284 414
300 414
301 414
302 414
311 414
312 414
313 414
352 414
354 414
355 414
372 414
373 414
387 414
403 414
414 414
417 416
422 418
85 419
86 419
146 419
420 421
