2 1
4 3
6 5
8 7
10 9
12 11
14 13
16 15
18 17
20 19
22 21
24 23
26 25
28 27
30 29
32 31
34 33
36 35
38 37
40 39
42 41
44 43
46 45
48 47
50 49
52 51
54 53
56 55
58 57
60 59
62 61
64 63
66 65
3 67
69 68
5 70
7 71
73 72
73 74
1 75
3 76
66 77
79 78
11 80
82 81
13 83
15 84
86 85
86 87
9 88
11 89
79 90
92 91
19 93
95 94
21 96
23 97
99 98
99 100
17 101
19 102
92 103
105 104
27 106
108 107
29 109
31 110
112 111
112 113
25 114
27 115
105 116
118 117
35 119
121 120
37 122
39 123
125 124
125 126
33 127
35 128
118 129
131 130
43 132
134 133
45 135
47 136
138 137
138 139
41 140
43 141
131 142
144 143
51 145
147 146
53 148
55 149
151 150
151 152
49 153
51 154
144 155
157 156
61 158
63 159
161 160
59 162
61 163
165 164
157 166
73 167
7 168
5 169
3 170
1 171
173 172
73 174
15 175
13 176
11 177
9 178
180 179
73 181
23 182
21 183
19 184
17 185
187 186
73 188
31 189
29 190
27 191
25 192
194 193
73 195
39 196
37 197
35 198
33 199
201 200
73 202
47 203
45 204
43 205
41 206
208 207
73 209
55 210
53 211
51 212
49 213
215 214
73 216
63 217
61 218
59 219
57 220
222 221
224 223
226 225
228 227
230 229
232 231
234 233
236 235
238 237
240 239
242 241
244 243
246 245
248 247
250 249
252 251
254 253
256 255
258 257
260 259
262 261
264 263
266 265
268 267
270 269
272 271
274 273
276 275
278 277
280 279
282 281
284 283
286 285
66 287
67 287
3 288
65 288
69 289
70 289
5 290
68 290
7 291
72 291
73 292
71 292
79 293
80 293
11 294
78 294
82 295
83 295
13 296
81 296
15 297
85 297
86 298
84 298
92 299
93 299
19 300
91 300
95 301
96 301
21 302
94 302
23 303
98 303
99 304
97 304
105 305
106 305
27 306
104 306
108 307
109 307
29 308
107 308
31 309
111 309
112 310
110 310
118 311
119 311
35 312
117 312
121 313
122 313
37 314
120 314
39 315
124 315
125 316
123 316
131 317
132 317
43 318
130 318
134 319
135 319
45 320
133 320
47 321
137 321
138 322
136 322
144 323
145 323
51 324
143 324
147 325
148 325
53 326
146 326
55 327
150 327
151 328
149 328
157 329
158 329
61 330
156 330
63 331
160 331
161 332
159 332
166 333
61 333
334 86
73 86
335 99
86 99
336 112
99 112
337 125
112 125
338 138
125 138
339 151
138 151
340 161
151 161
342 341
343 341
341 344
345 344
344 346
347 346
346 348
349 348
348 350
351 350
350 352
353 352
342 354
355 354
342 232
356 232
342 234
357 234
342 358
359 358
341 360
361 360
341 240
362 240
341 242
363 242
341 364
365 364
344 366
367 366
344 248
368 248
344 250
369 250
344 370
371 370
346 372
373 372
346 256
374 256
346 258
375 258
346 376
377 376
348 378
379 378
348 264
380 264
348 266
381 266
348 382
383 382
350 384
385 384
350 272
386 272
350 274
387 274
350 388
389 388
352 390
391 390
352 280
392 280
352 282
393 282
352 394
395 394
397 396
398 396
73 399
400 399
354 401
402 401
404 403
405 403
360 406
407 406
358 408
409 408
366 410
411 410
364 412
413 412
372 414
415 414
370 416
417 416
378 418
419 418
376 420
421 420
384 422
423 422
382 424
425 424
390 426
427 426
388 428
429 428
394 430
431 430
77 432
1 432
76 432
287 4
288 4
291 8
292 8
434 433
76 433
74 433
90 435
9 435
89 435
293 12
294 12
297 16
298 16
437 436
89 436
87 436
103 438
17 438
102 438
299 20
300 20
303 24
304 24
440 439
102 439
100 439
116 441
25 441
115 441
305 28
306 28
309 32
310 32
443 442
115 442
113 442
129 444
33 444
128 444
311 36
312 36
315 40
316 40
446 445
128 445
126 445
142 447
41 447
141 447
317 44
318 44
321 48
322 48
449 448
141 448
139 448
155 450
49 450
154 450
323 52
324 52
327 56
328 56
452 451
154 451
152 451
454 453
57 453
162 453
454 455
59 455
331 64
332 64
157 456
163 456
162 456
225 457
229 457
223 458
227 458
233 459
237 459
231 460
235 460
241 461
245 461
239 462
243 462
249 463
253 463
247 464
251 464
257 465
261 465
255 466
259 466
265 467
269 467
263 468
267 468
273 469
277 469
271 470
275 470
281 471
285 471
279 472
283 472
474 473
475 473
473 476
477 476
476 478
479 478
478 480
481 480
480 482
483 482
482 484
485 484
484 486
487 486
486 488
430 488
432 2
489 2
433 489
1 489
7 434
5 434
7 69
73 69
435 10
490 10
436 490
9 490
15 437
13 437
15 82
86 82
438 18
491 18
439 491
17 491
23 440
21 440
23 95
99 95
441 26
492 26
442 492
25 492
31 443
29 443
31 108
112 108
444 34
493 34
445 493
33 493
39 446
37 446
39 121
125 121
447 42
494 42
448 494
41 494
47 449
45 449
47 134
138 134
450 50
495 50
451 495
49 495
55 452
53 452
55 147
151 147
453 58
496 58
455 60
164 60
456 496
57 496
63 157
161 157
166 454
61 454
172 497
169 497
168 173
73 173
179 498
176 498
175 180
73 180
186 499
183 499
182 187
73 187
193 500
190 500
189 194
73 194
200 501
197 501
196 201
73 201
207 502
204 502
203 208
73 208
214 503
211 503
210 215
73 215
221 504
218 504
217 222
73 222
457 474
458 474
505 474
459 475
460 475
506 475
461 477
462 477
507 477
463 479
464 479
508 479
465 481
466 481
509 481
467 483
468 483
510 483
469 485
470 485
511 485
471 487
472 487
512 487
289 6
290 6
434 334
75 334
76 334
434 66
74 66
295 14
296 14
437 335
88 335
89 335
437 79
87 79
301 22
302 22
440 336
101 336
102 336
440 92
100 92
307 30
308 30
443 337
114 337
115 337
443 105
113 105
313 38
314 38
446 338
127 338
128 338
446 118
126 118
319 46
320 46
449 339
140 339
141 339
449 131
139 131
325 54
326 54
452 340
153 340
154 340
452 144
152 144
329 62
330 62
162 165
333 165
167 397
168 397
169 224
173 224
170 226
497 226
3 404
497 404
171 404
1 342
5 342
3 342
7 342
174 355
175 355
176 356
180 356
177 357
498 357
11 359
498 359
178 359
9 343
13 343
11 343
15 343
181 361
182 361
183 362
187 362
184 363
499 363
19 365
499 365
185 365
17 345
21 345
19 345
23 345
188 367
189 367
190 368
194 368
191 369
500 369
27 371
500 371
192 371
25 347
29 347
27 347
31 347
195 373
196 373
197 374
201 374
198 375
501 375
35 377
501 377
199 377
33 349
37 349
35 349
39 349
202 379
203 379
204 380
208 380
205 381
502 381
43 383
502 383
206 383
41 351
45 351
43 351
47 351
209 385
210 385
211 386
215 386
212 387
503 387
51 389
503 389
213 389
49 353
53 353
51 353
55 353
216 391
217 391
218 392
222 392
219 393
504 393
59 395
504 395
220 395
396 505
399 505
401 506
403 506
406 507
408 507
410 508
412 508
414 509
416 509
418 510
420 510
422 511
424 511
426 512
428 512
